reward, time 
1, 7 
3, 8 
-1, 9 
-1, 9 
1, 10 
1, 11 
3, 12 
3, 13 
1, 14 
-1, 15 
-1, 16 
3, 17 
1, 18 
1, 19 
3, 20 
3, 21 
3, 22 
1, 23 
-1, 24 
1, 25 
-1, 26 
1, 27 
-1, 28 
-1, 29 
1, 30 
1, 31 
1, 32 
-1, 33 
-1, 34 
1, 35 
1, 35 
1, 37 
-1, 38 
1, 39 
1, 39 
1, 40 
1, 41 
1, 42 
-1, 43 
-1, 44 
1, 45 
1, 45 
-1, 46 
1, 47 
-1, 48 
1, 49 
1, 50 
-1, 51 
1, 52 
1, 52 
-1, 53 
1, 54 
1, 55 
-1, 56 
1, 57 
1, 58 
1, 59 
1, 60 
1, 61 
1, 62 
3, 62 
1, 63 
1, 64 
1, 65 
1, 66 
1, 67 
3, 68 
-1, 69 
1, 70 
1, 71 
3, 72 
-1, 73 
-1, 74 
-1, 75 
3, 76 
-1, 77 
1, 78 
-1, 79 
1, 80 
1, 81 
-1, 82 
1, 83 
1, 84 
-1, 85 
1, 86 
3, 87 
1, 88 
1, 94 
1, 95 
1, 96 
3, 97 
1, 98 
1, 99 
-1, 100 
3, 102 
3, 103 
-1, 104 
1, 105 
3, 106 
-1, 106 
1, 108 
1, 109 
1, 110 
1, 111 
1, 112 
1, 112 
1, 113 
1, 114 
1, 115 
1, 123 
1, 124 
1, 125 
-1, 126 
3, 127 
-1, 128 
1, 128 
3, 130 
1, 131 
1, 132 
-1, 133 
1, 134 
-1, 141 
1, 142 
3, 143 
1, 144 
1, 145 
1, 146 
-1, 147 
-1, 148 
1, 149 
1, 150 
-1, 151 
1, 152 
3, 153 
1, 154 
3, 155 
1, 156 
1, 157 
3, 159 
1, 159 
1, 161 
1, 162 
-1, 163 
-1, 164 
-1, 164 
-1, 166 
1, 167 
1, 168 
-1, 169 
3, 170 
-1, 170 
1, 172 
1, 172 
1, 173 
1, 174 
-1, 175 
3, 176 
1, 177 
-1, 178 
1, 179 
1, 180 
1, 181 
1, 182 
-1, 183 
1, 184 
3, 185 
1, 186 
-1, 187 
1, 188 
1, 190 
3, 191 
1, 192 
1, 192 
1, 193 
1, 194 
1, 195 
-1, 196 
-1, 197 
-1, 198 
1, 199 
1, 200 
-1, 201 
3, 202 
-1, 203 
3, 204 
1, 205 
1, 206 
1, 207 
-1, 208 
1, 209 
3, 210 
3, 211 
1, 212 
1, 213 
1, 215 
1, 215 
-1, 216 
1, 217 
1, 218 
-1, 219 
1, 220 
-1, 221 
1, 222 
1, 223 
1, 224 
1, 225 
1, 225 
3, 226 
1, 227 
3, 228 
1, 229 
1, 230 
1, 231 
-1, 232 
1, 233 
1, 234 
1, 240 
-1, 241 
-1, 242 
3, 243 
-1, 244 
1, 246 
1, 246 
-1, 247 
-1, 248 
-1, 249 
3, 250 
1, 251 
1, 252 
-1, 253 
-1, 254 
1, 255 
-1, 256 
1, 257 
1, 258 
1, 258 
-1, 260 
-1, 261 
1, 262 
1, 262 
-1, 264 
-1, 264 
1, 265 
-1, 266 
3, 267 
1, 268 
1, 270 
1, 270 
1, 272 
1, 273 
1, 274 
1, 274 
-1, 276 
3, 276 
-1, 277 
-1, 278 
1, 279 
1, 280 
1, 281 
1, 282 
1, 283 
-1, 284 
1, 285 
3, 286 
1, 287 
-1, 288 
-1, 289 
1, 290 
3, 291 
1, 292 
1, 293 
-1, 294 
1, 294 
1, 295 
1, 296 
1, 297 
-1, 298 
1, 304 
-1, 305 
-1, 306 
-1, 307 
-1, 309 
-1, 309 
-1, 310 
1, 311 
1, 312 
-1, 313 
-1, 314 
-1, 315 
1, 316 
1, 317 
-1, 318 
1, 319 
3, 320 
-1, 321 
1, 322 
-1, 323 
-1, 324 
-51, 325 
1, 335 
1, 336 
1, 337 
1, 337 
-1, 339 
1, 340 
3, 341 
1, 342 
-1, 343 
-1, 344 
1, 345 
-1, 346 
1, 347 
-1, 348 
-1, 349 
-1, 350 
3, 351 
-1, 352 
1, 353 
1, 354 
-1, 355 
1, 356 
-1, 357 
1, 358 
-1, 359 
1, 360 
1, 361 
-1, 361 
-1, 362 
1, 363 
-1, 364 
1, 365 
1, 366 
-1, 367 
-1, 368 
-1, 369 
3, 370 
-1, 371 
1, 372 
1, 373 
-1, 374 
-1, 375 
1, 376 
-1, 377 
3, 378 
3, 379 
-1, 380 
1, 381 
-1, 382 
3, 383 
-1, 384 
1, 385 
1, 386 
3, 387 
-1, 388 
1, 396 
1, 397 
-1, 399 
-1, 399 
-1, 401 
1, 402 
1, 403 
-1, 404 
-1, 405 
3, 406 
-1, 407 
-1, 408 
1, 409 
-1, 410 
3, 411 
-1, 412 
-1, 413 
-1, 414 
1, 415 
-1, 416 
-1, 417 
1, 418 
-1, 419 
-1, 420 
-1, 421 
1, 422 
1, 423 
1, 424 
3, 425 
-1, 426 
-1, 427 
-1, 428 
-1, 429 
-1, 430 
-1, 431 
-1, 432 
-1, 433 
1, 434 
1, 435 
1, 436 
-1, 437 
1, 438 
-1, 439 
-1, 440 
-1, 441 
-1, 442 
-1, 443 
1, 444 
1, 445 
-1, 446 
3, 447 
-1, 448 
3, 449 
1, 450 
-1, 451 
-1, 452 
-1, 453 
-1, 453 
1, 454 
-1, 455 
-1, 456 
1, 457 
-1, 458 
-1, 459 
-1, 460 
-1, 461 
1, 461 
-1, 462 
1, 463 
-1, 464 
-1, 465 
3, 466 
-1, 467 
-1, 468 
-1, 469 
-1, 470 
1, 471 
1, 472 
-1, 472 
1, 473 
-1, 474 
1, 475 
1, 476 
-1, 477 
-1, 478 
1, 479 
1, 480 
-1, 481 
-1, 482 
3, 483 
-1, 484 
-1, 485 
-1, 486 
-1, 487 
1, 488 
1, 489 
-1, 490 
1, 491 
1, 492 
3, 493 
3, 495 
-1, 496 
-1, 497 
-1, 498 
1, 499 
1, 500 
1, 501 
-1, 502 
-1, 503 
1, 504 
-1, 505 
3, 506 
3, 507 
3, 508 
1, 509 
-1, 510 
1, 511 
-1, 511 
-1, 513 
3, 514 
3, 514 
-1, 515 
1, 516 
-1, 517 
1, 518 
3, 519 
-1, 520 
1, 521 
1, 522 
1, 523 
1, 524 
3, 525 
1, 526 
1, 527 
-1, 528 
-1, 529 
1, 530 
1, 531 
1, 532 
-1, 533 
1, 534 
1, 535 
-1, 536 
-1, 537 
1, 538 
1, 539 
-1, 540 
-1, 541 
-1, 542 
1, 543 
1, 544 
1, 545 
-1, 546 
1, 547 
1, 547 
1, 548 
3, 549 
1, 550 
-1, 551 
3, 552 
-1, 553 
-1, 554 
-1, 554 
1, 555 
-1, 556 
-1, 557 
-1, 558 
-1, 559 
-1, 560 
-1, 561 
3, 561 
-1, 562 
1, 564 
-1, 564 
1, 565 
-1, 566 
3, 567 
1, 568 
1, 569 
1, 570 
1, 571 
-1, 572 
-1, 573 
1, 574 
1, 575 
-1, 576 
-1, 576 
1, 577 
1, 578 
3, 579 
-1, 580 
-1, 581 
3, 582 
-1, 583 
1, 584 
-1, 585 
-1, 585 
-1, 586 
3, 593 
-1, 594 
-1, 595 
1, 596 
-1, 597 
1, 598 
1, 599 
1, 600 
-1, 601 
-1, 602 
1, 602 
1, 603 
1, 604 
-1, 605 
-1, 606 
1, 606 
-1, 607 
-1, 608 
-1, 609 
-1, 610 
-1, 611 
-1, 612 
3, 613 
-1, 614 
1, 615 
1, 616 
1, 617 
1, 618 
-1, 619 
1, 620 
3, 621 
3, 622 
-1, 623 
-1, 623 
-1, 624 
1, 625 
3, 626 
3, 627 
1, 628 
-1, 629 
3, 630 
-1, 631 
1, 632 
1, 633 
1, 634 
-51, 635 
3, 643 
3, 644 
3, 645 
1, 646 
3, 647 
3, 648 
3, 649 
3, 650 
3, 651 
1, 652 
1, 653 
1, 654 
3, 655 
3, 656 
3, 656 
1, 657 
1, 658 
3, 659 
3, 660 
3, 661 
1, 662 
1, 663 
3, 664 
3, 665 
3, 666 
1, 667 
-1, 668 
-1, 669 
1, 670 
3, 671 
3, 673 
1, 674 
1, 675 
3, 675 
1, 676 
3, 677 
3, 679 
1, 680 
1, 681 
3, 682 
3, 683 
1, 684 
3, 685 
1, 686 
3, 687 
3, 688 
3, 689 
-1, 690 
3, 691 
1, 692 
1, 693 
-1, 694 
3, 695 
3, 696 
3, 697 
-1, 698 
-1, 699 
3, 700 
1, 701 
3, 702 
3, 703 
1, 704 
-1, 705 
3, 706 
3, 707 
3, 708 
3, 709 
3, 710 
3, 711 
1, 712 
-1, 713 
-1, 714 
3, 715 
1, 716 
1, 717 
-1, 718 
3, 718 
1, 719 
3, 721 
3, 721 
3, 722 
1, 724 
3, 725 
-1, 726 
3, 727 
3, 728 
1, 729 
3, 730 
3, 731 
3, 732 
3, 733 
3, 734 
1, 735 
3, 736 
3, 737 
3, 738 
1, 739 
-1, 740 
3, 741 
-1, 742 
3, 743 
3, 744 
3, 745 
-1, 746 
3, 747 
1, 748 
3, 749 
1, 749 
-1, 750 
1, 751 
3, 752 
3, 753 
1, 754 
1, 755 
3, 756 
3, 757 
1, 758 
-1, 759 
3, 760 
3, 761 
3, 762 
1, 763 
3, 764 
3, 765 
3, 766 
3, 767 
3, 768 
3, 769 
-1, 770 
3, 771 
3, 772 
3, 773 
1, 774 
3, 775 
-1, 776 
1, 777 
3, 777 
1, 779 
1, 780 
3, 787 
3, 788 
3, 789 
1, 789 
3, 790 
3, 791 
1, 792 
1, 793 
3, 794 
3, 795 
1, 796 
3, 797 
1, 798 
3, 799 
12, 807 
-1, 808 
1, 809 
-99, 811 
10, 820 
14, 823 
14, 825 
14, 827 
12, 830 
12, 832 
14, 836 
14, 838 
14, 841 
12, 844 
12, 846 
10, 849 
14, 851 
14, 854 
14, 857 
14, 860 
14, 863 
14, 866 
12, 868 
14, 871 
12, 873 
14, 876 
14, 878 
10, 880 
14, 883 
14, 887 
12, 889 
12, 891 
12, 893 
14, 896 
10, 898 
12, 902 
14, 905 
14, 908 
14, 911 
14, 913 
14, 917 
14, 919 
14, 921 
12, 924 
14, 926 
14, 929 
14, 932 
10, 935 
14, 938 
14, 941 
14, 944 
14, 947 
14, 950 
14, 952 
12, 955 
14, 957 
14, 960 
14, 963 
14, 965 
14, 968 
14, 971 
10, 974 
12, 977 
14, 979 
14, 982 
14, 984 
10, 987 
14, 990 
12, 992 
14, 994 
12, 997 
14, 1000 
12, 1003 
14, 1005 
12, 1008 
14, 1010 
14, 1013 
12, 1016 
14, 1018 
14, 1020 
12, 1022 
14, 1025 
12, 1028 
14, 1031 
10, 1040 
3, 1041 
3, 1042 
3, 1043 
3, 1044 
3, 1045 
3, 1046 
3, 1047 
3, 1048 
3, 1049 
3, 1050 
3, 1051 
3, 1052 
3, 1053 
1, 1055 
3, 1056 
-1, 1056 
3, 1057 
3, 1058 
3, 1059 
3, 1060 
3, 1061 
1, 1062 
3, 1063 
3, 1064 
3, 1065 
3, 1066 
3, 1067 
1, 1068 
1, 1069 
3, 1070 
3, 1071 
-1, 1072 
1, 1073 
3, 1074 
-1, 1075 
3, 1076 
-1, 1077 
3, 1077 
3, 1079 
3, 1080 
3, 1081 
3, 1082 
-1, 1083 
1, 1083 
3, 1085 
3, 1085 
3, 1086 
1, 1087 
3, 1088 
-1, 1089 
1, 1090 
-1, 1091 
3, 1093 
1, 1094 
-1, 1095 
3, 1096 
3, 1096 
3, 1097 
3, 1098 
3, 1099 
-49, 1100 
3, 1110 
3, 1111 
3, 1112 
3, 1112 
3, 1113 
3, 1114 
3, 1115 
3, 1116 
3, 1118 
3, 1119 
3, 1120 
3, 1121 
3, 1122 
3, 1123 
3, 1124 
3, 1125 
1, 1125 
3, 1126 
3, 1127 
3, 1128 
-1, 1129 
3, 1130 
3, 1132 
-1, 1133 
1, 1133 
-1, 1134 
3, 1135 
3, 1136 
3, 1137 
3, 1138 
-1, 1139 
3, 1140 
3, 1140 
3, 1141 
-1, 1142 
1, 1143 
3, 1144 
1, 1145 
3, 1151 
3, 1152 
1, 1153 
3, 1154 
1, 1155 
1, 1155 
3, 1156 
3, 1157 
3, 1158 
-1, 1159 
3, 1160 
-1, 1161 
3, 1162 
-1, 1162 
3, 1163 
3, 1165 
1, 1166 
3, 1167 
3, 1168 
3, 1169 
-1, 1170 
3, 1171 
1, 1172 
3, 1173 
3, 1174 
3, 1175 
3, 1176 
3, 1177 
-1, 1177 
3, 1178 
3, 1179 
3, 1180 
3, 1181 
3, 1182 
3, 1183 
3, 1184 
3, 1185 
3, 1186 
3, 1186 
1, 1187 
3, 1188 
3, 1189 
3, 1190 
3, 1191 
3, 1192 
3, 1193 
3, 1194 
1, 1195 
3, 1196 
3, 1196 
-1, 1197 
-1, 1198 
3, 1199 
1, 1200 
3, 1201 
1, 1202 
3, 1203 
3, 1204 
3, 1205 
-1, 1205 
3, 1206 
3, 1207 
3, 1208 
3, 1209 
1, 1210 
3, 1211 
3, 1212 
3, 1218 
1, 1219 
3, 1220 
1, 1221 
1, 1222 
3, 1223 
3, 1224 
1, 1225 
-1, 1226 
3, 1227 
3, 1228 
3, 1229 
3, 1230 
3, 1231 
3, 1232 
3, 1233 
3, 1234 
3, 1235 
3, 1237 
3, 1238 
3, 1239 
3, 1241 
3, 1247 
3, 1248 
3, 1249 
3, 1250 
3, 1251 
3, 1252 
1, 1253 
1, 1254 
1, 1255 
1, 1256 
1, 1257 
1, 1258 
1, 1259 
1, 1260 
1, 1261 
1, 1262 
1, 1263 
1, 1264 
-99, 1268 
14, 1276 
14, 1279 
14, 1281 
12, 1284 
14, 1286 
14, 1289 
14, 1290 
14, 1292 
14, 1295 
14, 1297 
14, 1299 
14, 1302 
10, 1305 
14, 1307 
10, 1310 
14, 1312 
14, 1314 
14, 1317 
14, 1320 
12, 1322 
14, 1324 
10, 1327 
14, 1330 
14, 1332 
14, 1335 
14, 1338 
14, 1341 
14, 1343 
12, 1346 
14, 1348 
14, 1351 
12, 1353 
14, 1355 
14, 1358 
14, 1360 
10, 1362 
14, 1364 
14, 1367 
14, 1369 
14, 1372 
14, 1375 
10, 1377 
14, 1379 
14, 1382 
14, 1384 
14, 1387 
14, 1389 
14, 1392 
14, 1394 
14, 1396 
14, 1398 
10, 1402 
14, 1404 
14, 1407 
14, 1415 
14, 1417 
14, 1420 
14, 1422 
14, 1425 
14, 1427 
14, 1430 
14, 1433 
12, 1435 
14, 1437 
14, 1440 
14, 1443 
14, 1444 
12, 1447 
14, 1449 
14, 1452 
14, 1454 
10, 1457 
14, 1460 
14, 1462 
14, 1465 
14, 1467 
14, 1473 
14, 1480 
14, 1482 
14, 1484 
14, 1487 
14, 1489 
14, 1492 
14, 1494 
14, 1497 
10, 1499 
14, 1501 
14, 1504 
14, 1507 
12, 1510 
14, 1512 
14, 1515 
14, 1517 
12, 1519 
10, 1522 
14, 1524 
12, 1526 
10, 1529 
14, 1531 
14, 1534 
14, 1536 
12, 1538 
14, 1541 
14, 1544 
14, 1547 
14, 1550 
14, 1552 
14, 1555 
14, 1557 
12, 1560 
14, 1563 
14, 1565 
14, 1568 
14, 1571 
14, 1574 
14, 1576 
14, 1578 
14, 1580 
12, 1583 
14, 1584 
14, 1587 
14, 1589 
14, 1591 
12, 1593 
14, 1596 
14, 1598 
12, 1602 
12, 1608 
12, 1611 
12, 1614 
12, 1617 
10, 1619 
12, 1622 
12, 1624 
12, 1627 
12, 1630 
12, 1632 
12, 1635 
12, 1637 
12, 1640 
12, 1643 
-99, 1644 
14, 1653 
14, 1655 
14, 1658 
14, 1659 
14, 1662 
14, 1664 
14, 1667 
14, 1669 
14, 1672 
14, 1674 
-36, 1677 
14, 1685 
14, 1688 
14, 1690 
14, 1693 
14, 1695 
14, 1698 
14, 1700 
14, 1703 
14, 1705 
14, 1707 
14, 1710 
14, 1713 
14, 1715 
14, 1717 
10, 1720 
14, 1723 
14, 1725 
14, 1727 
14, 1729 
14, 1733 
14, 1734 
14, 1737 
14, 1740 
14, 1742 
14, 1745 
14, 1747 
10, 1750 
14, 1753 
14, 1755 
14, 1758 
14, 1760 
14, 1762 
14, 1764 
14, 1767 
14, 1770 
14, 1772 
14, 1774 
14, 1777 
14, 1779 
14, 1781 
14, 1783 
14, 1787 
14, 1789 
14, 1791 
14, 1793 
14, 1796 
14, 1799 
14, 1801 
14, 1803 
14, 1806 
14, 1808 
14, 1811 
12, 1813 
14, 1817 
14, 1819 
14, 1821 
14, 1824 
14, 1826 
12, 1828 
14, 1831 
10, 1833 
14, 1835 
14, 1841 
14, 1843 
14, 1845 
14, 1847 
14, 1849 
14, 1851 
14, 1854 
14, 1856 
14, 1859 
14, 1860 
14, 1863 
14, 1866 
14, 1868 
14, 1871 
14, 1873 
14, 1876 
14, 1878 
14, 1881 
14, 1883 
14, 1886 
14, 1888 
14, 1891 
14, 1893 
14, 1895 
14, 1898 
14, 1900 
14, 1903 
14, 1905 
14, 1907 
14, 1910 
14, 1912 
14, 1914 
14, 1917 
14, 1920 
14, 1923 
14, 1926 
14, 1929 
14, 1932 
14, 1935 
14, 1940 
14, 1953 
14, 1956 
14, 1958 
12, 1961 
14, 1968 
14, 1971 
14, 1973 
14, 1975 
14, 1977 
12, 1981 
12, 1983 
12, 1986 
12, 1989 
12, 1991 
10, 1994 
12, 1996 
12, 1999 
12, 2002 
12, 2004 
12, 2007 
12, 2009 
12, 2012 
12, 2014 
12, 2016 
12, 2019 
-99, 2020 
14, 2028 
14, 2030 
14, 2037 
14, 2038 
14, 2040 
14, 2042 
14, 2044 
14, 2046 
14, 2048 
10, 2050 
14, 2052 
14, 2054 
14, 2056 
14, 2058 
12, 2061 
14, 2064 
14, 2065 
14, 2067 
14, 2069 
14, 2071 
14, 2073 
14, 2075 
14, 2077 
14, 2084 
14, 2086 
14, 2089 
14, 2090 
14, 2093 
12, 2095 
14, 2098 
14, 2099 
10, 2102 
14, 2104 
14, 2106 
14, 2109 
14, 2111 
14, 2113 
14, 2116 
14, 2119 
14, 2121 
14, 2124 
14, 2126 
14, 2128 
14, 2130 
14, 2132 
14, 2134 
14, 2135 
14, 2137 
14, 2139 
14, 2142 
14, 2144 
14, 2146 
14, 2148 
14, 2150 
14, 2152 
14, 2154 
14, 2157 
14, 2160 
14, 2166 
14, 2168 
14, 2174 
14, 2177 
14, 2179 
14, 2181 
14, 2183 
14, 2186 
14, 2188 
14, 2191 
14, 2193 
14, 2196 
14, 2198 
14, 2201 
14, 2204 
14, 2210 
14, 2212 
14, 2215 
14, 2218 
14, 2219 
14, 2222 
14, 2223 
14, 2226 
14, 2228 
14, 2230 
12, 2233 
14, 2235 
14, 2237 
14, 2240 
10, 2249 
14, 2251 
14, 2253 
14, 2256 
14, 2258 
14, 2261 
14, 2264 
14, 2266 
14, 2269 
14, 2273 
14, 2276 
14, 2279 
14, 2281 
14, 2284 
14, 2286 
14, 2289 
14, 2293 
14, 2300 
14, 2302 
14, 2304 
14, 2307 
14, 2310 
14, 2312 
12, 2315 
12, 2322 
12, 2324 
112, 2325 
12, 2328 
12, 2330 
12, 2333 
12, 2335 
12, 2338 
12, 2341 
12, 2343 
12, 2346 
12, 2348 
12, 2351 
12, 2354 
12, 2356 
312, 2359 
-99, 2360 
12, 2369 
14, 2372 
14, 2375 
14, 2378 
14, 2380 
14, 2382 
14, 2385 
14, 2387 
14, 2389 
14, 2393 
14, 2395 
14, 2399 
14, 2401 
14, 2404 
14, 2407 
14, 2416 
14, 2419 
14, 2422 
14, 2424 
14, 2430 
14, 2433 
14, 2435 
14, 2437 
14, 2440 
14, 2443 
14, 2446 
14, 2448 
14, 2450 
14, 2453 
14, 2456 
14, 2459 
14, 2461 
14, 2464 
14, 2467 
14, 2470 
14, 2472 
14, 2475 
14, 2478 
14, 2480 
14, 2482 
14, 2484 
14, 2487 
-36, 2488 
14, 2497 
14, 2499 
14, 2502 
14, 2503 
14, 2506 
14, 2508 
14, 2511 
14, 2514 
14, 2517 
14, 2518 
14, 2521 
14, 2524 
14, 2527 
14, 2529 
14, 2531 
14, 2533 
14, 2535 
14, 2538 
14, 2540 
14, 2542 
14, 2545 
14, 2548 
14, 2551 
14, 2554 
14, 2556 
14, 2559 
14, 2561 
14, 2564 
14, 2566 
14, 2569 
14, 2572 
14, 2574 
14, 2578 
14, 2581 
14, 2585 
14, 2588 
14, 2592 
14, 2594 
14, 2597 
14, 2601 
14, 2604 
14, 2607 
14, 2610 
14, 2613 
14, 2616 
14, 2619 
14, 2623 
14, 2627 
14, 2630 
14, 2633 
14, 2636 
14, 2640 
14, 2643 
14, 2646 
14, 2650 
14, 2653 
14, 2656 
14, 2659 
14, 2662 
14, 2671 
14, 2673 
14, 2677 
14, 2680 
14, 2682 
14, 2685 
14, 2688 
14, 2693 
14, 2696 
14, 2699 
14, 2702 
14, 2705 
14, 2708 
14, 2711 
14, 2714 
14, 2716 
14, 2719 
14, 2721 
14, 2723 
14, 2726 
14, 2728 
14, 2731 
14, 2733 
14, 2736 
14, 2739 
14, 2742 
14, 2744 
14, 2750 
-97, 2751 
-101, 2754 
