reward, time 
1, 23 
-1, 24 
1, 25 
-1, 25 
1, 26 
1, 27 
-1, 27 
-1, 28 
-1, 29 
1, 29 
1, 30 
1, 31 
-1, 31 
1, 32 
3, 33 
-1, 34 
1, 34 
-1, 35 
1, 36 
-1, 37 
3, 37 
3, 38 
-1, 39 
1, 40 
1, 41 
1, 41 
-1, 42 
-1, 43 
-1, 44 
1, 45 
1, 45 
-1, 46 
1, 47 
1, 48 
-1, 48 
-1, 49 
1, 50 
1, 51 
1, 51 
1, 52 
1, 53 
-1, 53 
1, 54 
-1, 55 
-1, 55 
1, 56 
3, 56 
-1, 57 
1, 58 
-1, 58 
1, 59 
-1, 60 
-1, 61 
-1, 62 
1, 62 
1, 63 
-1, 64 
1, 65 
-1, 65 
-1, 66 
-1, 67 
1, 68 
-1, 68 
3, 69 
1, 70 
3, 71 
1, 71 
1, 72 
1, 73 
-1, 74 
1, 74 
-1, 75 
1, 76 
1, 76 
-1, 77 
1, 78 
-1, 79 
-1, 79 
-1, 80 
1, 81 
-1, 82 
1, 83 
-1, 83 
-1, 84 
1, 85 
1, 85 
1, 86 
1, 87 
1, 88 
1, 89 
1, 89 
-1, 90 
-1, 91 
3, 92 
1, 92 
1, 93 
1, 94 
-1, 94 
1, 95 
1, 96 
1, 97 
1, 97 
1, 98 
-1, 99 
1, 100 
1, 100 
-1, 101 
1, 102 
1, 102 
3, 103 
3, 104 
-1, 105 
1, 106 
1, 106 
1, 107 
-1, 108 
1, 108 
-1, 109 
1, 110 
-1, 110 
1, 111 
1, 112 
1, 113 
1, 113 
3, 114 
1, 115 
3, 116 
3, 116 
-1, 117 
3, 118 
1, 118 
1, 119 
1, 120 
1, 120 
-1, 121 
3, 122 
1, 122 
-1, 123 
1, 124 
-1, 125 
1, 125 
-1, 126 
1, 127 
-1, 128 
-1, 129 
1, 129 
1, 130 
-1, 131 
-1, 132 
-1, 132 
-1, 133 
-1, 134 
1, 135 
-1, 135 
-1, 136 
1, 137 
-1, 138 
-1, 138 
-1, 139 
-1, 140 
-1, 141 
-1, 142 
1, 142 
1, 143 
1, 144 
-1, 144 
1, 145 
-1, 146 
-1, 147 
1, 148 
1, 148 
-1, 149 
1, 150 
1, 151 
1, 152 
1, 152 
1, 153 
-1, 154 
-1, 155 
-1, 156 
-1, 156 
1, 157 
1, 158 
-1, 159 
1, 159 
-1, 160 
1, 161 
-1, 161 
-1, 162 
-1, 163 
-1, 164 
-1, 164 
1, 165 
1, 166 
1, 167 
1, 168 
-1, 168 
-1, 169 
-1, 170 
-1, 171 
-1, 172 
-1, 173 
-1, 173 
-1, 174 
1, 175 
-1, 175 
1, 176 
1, 177 
-1, 177 
1, 178 
-1, 179 
-1, 179 
1, 180 
1, 181 
1, 182 
1, 186 
1, 187 
-1, 188 
1, 188 
-1, 189 
1, 190 
-1, 191 
-1, 191 
-1, 192 
-1, 193 
-1, 193 
-1, 194 
-1, 195 
-1, 196 
1, 196 
-1, 197 
1, 198 
1, 198 
1, 199 
-1, 200 
1, 201 
-1, 201 
-1, 202 
-1, 203 
1, 204 
-1, 204 
-1, 205 
-1, 206 
1, 207 
-1, 208 
-1, 208 
-1, 209 
1, 210 
-1, 211 
1, 211 
-1, 212 
-1, 213 
-1, 214 
1, 215 
-1, 215 
-1, 216 
-1, 217 
1, 218 
1, 218 
1, 219 
-1, 220 
-1, 221 
-1, 221 
-1, 222 
-1, 223 
1, 224 
-1, 225 
-1, 225 
1, 226 
-1, 227 
1, 228 
-1, 229 
1, 229 
-1, 230 
-1, 231 
-1, 232 
-1, 233 
-1, 233 
1, 234 
-1, 235 
1, 235 
-1, 236 
-1, 237 
-1, 238 
-1, 238 
-1, 239 
-1, 240 
-1, 241 
-1, 241 
1, 242 
1, 243 
-1, 244 
1, 245 
-1, 245 
1, 246 
-1, 247 
1, 247 
1, 248 
-51, 249 
1, 256 
3, 257 
-1, 258 
3, 259 
1, 260 
-1, 260 
-1, 261 
3, 262 
3, 262 
3, 263 
1, 264 
1, 265 
-1, 265 
1, 266 
3, 267 
3, 268 
3, 268 
-1, 269 
-1, 270 
3, 271 
1, 272 
3, 272 
3, 273 
1, 274 
3, 275 
1, 276 
1, 276 
-1, 277 
3, 278 
-1, 279 
1, 279 
1, 280 
-1, 281 
1, 281 
1, 282 
3, 283 
3, 283 
1, 284 
3, 285 
3, 286 
1, 286 
-1, 287 
3, 288 
3, 289 
3, 289 
3, 290 
-1, 291 
3, 292 
1, 292 
3, 293 
1, 294 
-1, 295 
-1, 295 
-1, 296 
-1, 297 
3, 298 
3, 299 
3, 301 
1, 302 
-1, 304 
3, 305 
3, 307 
1, 309 
3, 311 
3, 313 
-1, 315 
1, 317 
-1, 319 
3, 321 
-1, 324 
-1, 326 
1, 329 
1, 331 
1, 333 
3, 334 
1, 335 
3, 337 
3, 339 
3, 340 
1, 347 
-1, 348 
-1, 349 
1, 350 
1, 351 
1, 352 
-1, 353 
-1, 354 
1, 354 
-1, 355 
1, 356 
-1, 357 
1, 358 
1, 359 
1, 360 
1, 361 
1, 363 
1, 364 
-1, 365 
1, 366 
1, 367 
-1, 368 
1, 368 
-1, 369 
-1, 374 
1, 375 
1, 375 
-1, 376 
-1, 377 
1, 378 
-1, 379 
-1, 380 
-1, 381 
1, 381 
1, 382 
-1, 383 
1, 384 
1, 385 
1, 386 
-1, 386 
-1, 387 
1, 388 
-1, 388 
1, 390 
1, 391 
1, 392 
-1, 392 
-1, 393 
1, 394 
1, 395 
-1, 396 
1, 397 
-1, 398 
-1, 402 
-1, 403 
-1, 404 
1, 404 
1, 409 
1, 410 
-1, 411 
-1, 412 
1, 413 
1, 414 
1, 415 
-1, 415 
-1, 416 
1, 417 
-1, 418 
-1, 418 
1, 419 
1, 420 
1, 420 
1, 421 
1, 422 
1, 423 
1, 424 
1, 424 
1, 425 
1, 426 
-1, 427 
1, 428 
1, 429 
-1, 429 
1, 430 
-1, 431 
-1, 432 
1, 433 
-1, 434 
-1, 435 
-1, 439 
1, 439 
1, 440 
-1, 441 
-1, 442 
-1, 443 
1, 443 
1, 444 
1, 445 
1, 446 
-1, 447 
-1, 448 
-1, 449 
1, 450 
-1, 450 
1, 451 
-49, 452 
3, 460 
3, 461 
3, 462 
3, 463 
-1, 463 
1, 464 
3, 465 
3, 466 
1, 466 
3, 467 
1, 468 
1, 469 
3, 470 
1, 471 
-1, 471 
1, 472 
3, 473 
3, 474 
-1, 475 
1, 476 
-1, 476 
-1, 477 
3, 478 
3, 479 
-1, 480 
1, 481 
1, 481 
3, 482 
3, 483 
3, 484 
3, 485 
3, 486 
1, 486 
1, 487 
3, 488 
3, 489 
3, 490 
3, 490 
3, 491 
1, 492 
3, 493 
-1, 494 
3, 495 
-1, 496 
1, 496 
3, 497 
1, 498 
1, 499 
3, 500 
-1, 501 
3, 502 
3, 502 
-1, 503 
-1, 504 
3, 505 
-1, 506 
3, 507 
3, 507 
1, 508 
3, 509 
3, 510 
3, 511 
3, 512 
3, 513 
1, 513 
-1, 514 
3, 515 
-1, 516 
1, 517 
1, 518 
1, 518 
1, 519 
-1, 520 
1, 521 
1, 521 
1, 522 
1, 523 
-1, 524 
1, 525 
-1, 526 
1, 526 
1, 527 
1, 528 
-1, 529 
1, 530 
-1, 531 
1, 531 
1, 532 
1, 533 
1, 534 
1, 535 
1, 535 
1, 536 
1, 537 
-1, 538 
1, 538 
1, 539 
1, 540 
1, 541 
1, 541 
1, 542 
1, 543 
1, 543 
1, 544 
1, 545 
1, 546 
1, 547 
1, 548 
1, 549 
1, 550 
1, 551 
-1, 551 
1, 552 
1, 553 
1, 554 
1, 555 
1, 556 
1, 557 
-1, 558 
1, 559 
1, 560 
1, 560 
1, 561 
1, 562 
1, 563 
-1, 564 
1, 565 
1, 566 
1, 567 
1, 568 
-1, 568 
1, 569 
-1, 570 
1, 570 
1, 571 
-1, 575 
1, 576 
1, 577 
1, 578 
1, 579 
1, 580 
1, 580 
1, 581 
1, 582 
-1, 583 
1, 584 
1, 585 
-49, 586 
-1, 594 
3, 595 
3, 596 
3, 597 
3, 598 
3, 599 
1, 599 
3, 600 
3, 601 
-1, 602 
1, 603 
-1, 604 
-1, 605 
3, 606 
1, 606 
3, 611 
3, 612 
-1, 613 
3, 614 
3, 615 
3, 616 
3, 617 
3, 618 
-1, 619 
3, 624 
1, 625 
1, 625 
3, 626 
3, 627 
-1, 628 
3, 629 
3, 630 
3, 631 
1, 631 
3, 632 
3, 633 
3, 634 
3, 635 
1, 636 
-1, 636 
3, 637 
-1, 638 
3, 639 
3, 640 
-1, 641 
3, 642 
3, 643 
3, 643 
3, 644 
3, 645 
3, 646 
3, 647 
1, 647 
3, 648 
3, 649 
-1, 650 
-1, 651 
-1, 652 
1, 657 
-1, 658 
3, 659 
1, 659 
1, 660 
1, 661 
3, 662 
3, 663 
-1, 664 
1, 665 
1, 666 
3, 666 
3, 667 
-1, 668 
1, 669 
3, 670 
1, 671 
3, 672 
3, 673 
1, 673 
1, 674 
1, 675 
1, 676 
1, 677 
1, 678 
1, 678 
-1, 679 
1, 680 
1, 681 
-1, 682 
-1, 683 
1, 684 
1, 685 
-1, 686 
1, 687 
-1, 688 
1, 688 
1, 689 
1, 690 
1, 691 
1, 692 
-1, 693 
1, 694 
1, 695 
1, 696 
1, 697 
1, 698 
1, 698 
1, 699 
1, 700 
-1, 701 
1, 702 
1, 703 
1, 703 
1, 704 
1, 705 
1, 706 
-1, 707 
-1, 708 
1, 709 
-1, 715 
1, 716 
1, 717 
1, 717 
1, 718 
1, 719 
1, 720 
1, 721 
1, 722 
1, 723 
1, 724 
1, 725 
1, 725 
1, 726 
1, 727 
1, 728 
1, 729 
-1, 730 
1, 731 
1, 731 
1, 732 
1, 733 
1, 734 
1, 735 
1, 736 
-1, 737 
1, 738 
-1, 738 
-1, 739 
-1, 740 
1, 741 
-49, 742 
3, 751 
3, 752 
3, 753 
3, 759 
3, 760 
-1, 761 
3, 762 
3, 764 
3, 765 
3, 766 
3, 767 
1, 768 
3, 769 
3, 770 
1, 777 
-7, 782 
1, 790 
-1, 791 
3, 792 
-1, 793 
-1, 793 
-1, 794 
3, 795 
1, 796 
1, 797 
3, 798 
3, 799 
1, 800 
3, 800 
3, 801 
3, 807 
3, 808 
3, 809 
3, 810 
1, 811 
3, 817 
3, 818 
-1, 818 
3, 819 
3, 820 
3, 821 
3, 822 
3, 823 
3, 824 
3, 825 
3, 825 
1, 826 
3, 827 
3, 828 
3, 829 
3, 830 
3, 830 
3, 831 
3, 832 
-1, 833 
3, 834 
3, 835 
3, 835 
3, 836 
1, 837 
3, 838 
3, 839 
-1, 839 
3, 840 
3, 841 
3, 842 
3, 843 
3, 844 
-1, 844 
-1, 845 
3, 846 
3, 847 
3, 848 
3, 849 
1, 850 
1, 851 
1, 851 
1, 852 
1, 853 
-1, 854 
1, 855 
1, 856 
1, 856 
1, 857 
1, 858 
1, 859 
1, 860 
1, 861 
1, 861 
-1, 862 
1, 863 
1, 864 
1, 865 
1, 866 
-1, 867 
1, 867 
1, 868 
1, 869 
1, 870 
1, 870 
1, 871 
1, 872 
1, 873 
1, 874 
1, 875 
1, 876 
1, 877 
1, 877 
1, 878 
1, 879 
1, 883 
-1, 884 
1, 885 
1, 886 
1, 886 
1, 887 
1, 888 
1, 889 
1, 889 
1, 890 
1, 891 
1, 892 
1, 893 
1, 894 
1, 895 
1, 895 
1, 896 
-1, 897 
1, 898 
1, 898 
1, 899 
1, 900 
1, 901 
1, 901 
1, 902 
1, 903 
1, 904 
1, 905 
-49, 906 
3, 914 
1, 915 
3, 916 
3, 917 
3, 918 
3, 923 
3, 924 
3, 926 
3, 927 
3, 928 
3, 929 
3, 930 
3, 931 
1, 932 
3, 938 
1, 938 
3, 939 
3, 940 
3, 941 
3, 942 
3, 943 
3, 944 
3, 945 
3, 945 
3, 946 
3, 947 
1, 948 
3, 949 
3, 950 
-1, 950 
3, 951 
3, 952 
3, 952 
3, 953 
3, 954 
-1, 955 
3, 955 
3, 956 
3, 957 
3, 958 
1, 959 
-1, 959 
3, 960 
3, 961 
3, 962 
3, 963 
3, 963 
3, 964 
3, 965 
1, 969 
1, 970 
1, 971 
-1, 972 
1, 973 
1, 974 
1, 974 
1, 975 
-1, 976 
1, 977 
1, 978 
1, 978 
1, 979 
1, 980 
1, 981 
1, 982 
-1, 982 
1, 983 
1, 984 
-1, 989 
1, 990 
1, 991 
1, 992 
1, 993 
1, 993 
1, 994 
1, 995 
1, 996 
1, 997 
1, 998 
1, 999 
1, 1000 
1, 1001 
1, 1002 
1, 1003 
1, 1003 
1, 1004 
1, 1005 
1, 1006 
1, 1007 
1, 1007 
1, 1008 
1, 1009 
1, 1010 
1, 1011 
1, 1011 
1, 1012 
1, 1013 
1, 1014 
1, 1015 
1, 1015 
1, 1016 
1, 1017 
1, 1018 
1, 1018 
-1, 1019 
1, 1020 
1, 1021 
1, 1022 
1, 1022 
-49, 1023 
3, 1031 
3, 1031 
3, 1032 
3, 1033 
3, 1034 
3, 1035 
3, 1036 
3, 1037 
3, 1038 
3, 1039 
3, 1039 
3, 1040 
3, 1041 
3, 1047 
1, 1048 
3, 1049 
3, 1054 
3, 1055 
3, 1056 
3, 1057 
3, 1058 
3, 1059 
3, 1059 
3, 1060 
3, 1061 
3, 1062 
3, 1066 
3, 1067 
3, 1068 
3, 1069 
3, 1070 
3, 1070 
3, 1072 
3, 1073 
3, 1073 
3, 1074 
3, 1075 
3, 1076 
3, 1077 
3, 1082 
3, 1082 
3, 1083 
3, 1084 
1, 1085 
-1, 1085 
1, 1086 
1, 1087 
1, 1088 
1, 1088 
1, 1089 
1, 1094 
-1, 1095 
1, 1096 
1, 1097 
-1, 1098 
1, 1099 
1, 1099 
1, 1100 
1, 1101 
1, 1102 
1, 1103 
-1, 1104 
1, 1105 
1, 1106 
-1, 1107 
1, 1107 
1, 1109 
1, 1109 
1, 1110 
1, 1111 
1, 1112 
1, 1113 
1, 1114 
1, 1115 
1, 1116 
1, 1116 
1, 1117 
1, 1118 
1, 1119 
1, 1119 
1, 1120 
1, 1121 
1, 1122 
1, 1123 
1, 1123 
1, 1124 
1, 1125 
1, 1126 
1, 1126 
1, 1127 
1, 1128 
1, 1129 
1, 1129 
1, 1130 
1, 1131 
1, 1132 
1, 1132 
1, 1133 
-1, 1134 
1, 1135 
1, 1136 
1, 1136 
1, 1137 
1, 1138 
-49, 1139 
3, 1147 
3, 1148 
3, 1149 
3, 1150 
3, 1150 
3, 1151 
3, 1152 
3, 1153 
3, 1154 
3, 1155 
3, 1155 
3, 1156 
3, 1157 
3, 1157 
3, 1158 
3, 1159 
3, 1160 
3, 1161 
3, 1162 
3, 1162 
3, 1163 
3, 1164 
3, 1165 
3, 1166 
3, 1166 
3, 1167 
3, 1168 
3, 1169 
3, 1169 
3, 1170 
3, 1171 
3, 1172 
3, 1173 
3, 1173 
3, 1178 
3, 1179 
3, 1180 
3, 1181 
3, 1182 
3, 1182 
3, 1183 
3, 1184 
3, 1185 
1, 1185 
1, 1186 
1, 1187 
1, 1188 
1, 1189 
1, 1190 
1, 1190 
1, 1191 
1, 1192 
1, 1193 
1, 1194 
1, 1195 
1, 1200 
1, 1201 
1, 1202 
1, 1203 
1, 1203 
1, 1204 
1, 1205 
1, 1206 
1, 1207 
1, 1208 
1, 1209 
1, 1209 
1, 1210 
1, 1211 
1, 1212 
1, 1213 
1, 1214 
1, 1215 
1, 1215 
1, 1216 
1, 1217 
1, 1218 
1, 1219 
1, 1219 
1, 1220 
1, 1221 
1, 1222 
1, 1223 
1, 1223 
1, 1224 
1, 1225 
1, 1226 
1, 1226 
1, 1227 
1, 1228 
1, 1229 
1, 1230 
1, 1231 
1, 1231 
1, 1232 
1, 1233 
1, 1234 
1, 1235 
1, 1236 
1, 1237 
1, 1237 
1, 1239 
1, 1240 
-49, 1240 
3, 1258 
3, 1259 
3, 1259 
3, 1260 
3, 1261 
3, 1262 
3, 1263 
3, 1264 
3, 1265 
3, 1265 
3, 1266 
3, 1267 
3, 1268 
3, 1269 
3, 1270 
3, 1271 
3, 1272 
3, 1272 
3, 1273 
3, 1274 
3, 1275 
3, 1276 
3, 1277 
3, 1277 
3, 1278 
3, 1279 
3, 1284 
3, 1285 
3, 1286 
3, 1286 
3, 1287 
3, 1288 
3, 1289 
3, 1290 
3, 1291 
3, 1292 
3, 1292 
3, 1293 
3, 1295 
3, 1295 
3, 1296 
3, 1297 
3, 1298 
1, 1299 
1, 1300 
1, 1301 
1, 1306 
1, 1307 
1, 1308 
1, 1309 
1, 1310 
1, 1311 
1, 1311 
1, 1312 
1, 1317 
1, 1318 
1, 1318 
1, 1319 
1, 1320 
1, 1321 
1, 1322 
1, 1323 
1, 1324 
1, 1325 
1, 1325 
1, 1326 
1, 1327 
1, 1328 
1, 1329 
1, 1330 
1, 1331 
1, 1331 
1, 1332 
1, 1333 
1, 1334 
1, 1335 
1, 1336 
1, 1336 
1, 1337 
1, 1338 
1, 1339 
1, 1340 
1, 1341 
-1, 1341 
1, 1342 
1, 1343 
1, 1344 
1, 1345 
1, 1345 
1, 1346 
1, 1347 
1, 1348 
1, 1348 
1, 1349 
1, 1350 
1, 1350 
1, 1351 
1, 1352 
1, 1353 
-49, 1354 
3, 1360 
3, 1361 
3, 1362 
3, 1363 
3, 1364 
3, 1365 
3, 1366 
3, 1366 
3, 1367 
3, 1368 
3, 1369 
3, 1370 
3, 1371 
3, 1372 
3, 1373 
3, 1374 
3, 1375 
3, 1376 
3, 1376 
3, 1381 
3, 1382 
3, 1382 
3, 1383 
3, 1384 
3, 1385 
3, 1386 
3, 1386 
3, 1387 
3, 1388 
3, 1389 
3, 1390 
3, 1391 
3, 1392 
3, 1393 
3, 1393 
3, 1394 
3, 1395 
3, 1396 
3, 1397 
3, 1398 
3, 1399 
3, 1399 
3, 1400 
1, 1401 
1, 1402 
1, 1403 
1, 1403 
1, 1404 
1, 1405 
1, 1406 
1, 1407 
1, 1408 
1, 1408 
1, 1409 
1, 1410 
1, 1411 
1, 1412 
1, 1413 
1, 1413 
1, 1414 
1, 1415 
1, 1415 
1, 1416 
1, 1417 
1, 1418 
1, 1419 
1, 1423 
1, 1424 
1, 1425 
1, 1426 
1, 1426 
1, 1427 
1, 1428 
1, 1429 
1, 1430 
1, 1431 
1, 1431 
1, 1432 
1, 1433 
1, 1434 
1, 1435 
1, 1436 
1, 1437 
1, 1438 
1, 1439 
1, 1439 
1, 1440 
1, 1441 
1, 1442 
1, 1443 
1, 1444 
1, 1445 
1, 1446 
1, 1447 
1, 1448 
1, 1449 
1, 1450 
1, 1450 
1, 1451 
1, 1452 
1, 1453 
-49, 1454 
3, 1463 
3, 1464 
3, 1464 
3, 1465 
3, 1466 
3, 1471 
3, 1472 
3, 1474 
3, 1475 
3, 1476 
3, 1486 
3, 1487 
-7, 1494 
3, 1502 
3, 1503 
3, 1504 
3, 1505 
3, 1506 
3, 1506 
3, 1507 
3, 1508 
3, 1509 
3, 1510 
3, 1511 
3, 1511 
3, 1512 
3, 1513 
3, 1514 
3, 1515 
3, 1516 
3, 1517 
3, 1518 
3, 1519 
3, 1520 
3, 1520 
3, 1526 
3, 1526 
3, 1527 
3, 1528 
3, 1529 
3, 1530 
3, 1531 
3, 1531 
3, 1532 
3, 1533 
3, 1534 
3, 1535 
3, 1536 
3, 1537 
3, 1538 
3, 1538 
3, 1543 
3, 1544 
3, 1544 
3, 1545 
3, 1546 
1, 1547 
1, 1551 
1, 1552 
1, 1553 
1, 1553 
1, 1554 
1, 1555 
1, 1556 
1, 1557 
1, 1558 
1, 1559 
1, 1560 
1, 1561 
1, 1562 
1, 1563 
1, 1564 
1, 1565 
1, 1566 
1, 1567 
1, 1567 
1, 1568 
1, 1569 
1, 1570 
1, 1574 
1, 1575 
1, 1576 
1, 1577 
1, 1577 
1, 1578 
1, 1579 
1, 1580 
1, 1581 
1, 1582 
1, 1583 
1, 1584 
1, 1584 
1, 1585 
1, 1586 
1, 1587 
1, 1588 
1, 1589 
1, 1590 
1, 1591 
1, 1592 
1, 1593 
1, 1593 
1, 1594 
1, 1595 
1, 1596 
1, 1597 
1, 1598 
1, 1599 
1, 1600 
1, 1601 
1, 1602 
1, 1603 
-49, 1604 
3, 1612 
3, 1613 
3, 1614 
3, 1615 
3, 1616 
3, 1617 
3, 1618 
3, 1618 
3, 1619 
3, 1620 
3, 1621 
3, 1622 
3, 1623 
3, 1624 
3, 1625 
3, 1626 
3, 1626 
3, 1627 
3, 1628 
3, 1629 
3, 1630 
3, 1631 
3, 1632 
3, 1633 
3, 1634 
3, 1635 
3, 1636 
3, 1636 
3, 1637 
3, 1638 
3, 1639 
3, 1640 
3, 1641 
3, 1642 
3, 1642 
3, 1643 
3, 1644 
3, 1645 
3, 1646 
3, 1647 
3, 1648 
3, 1649 
3, 1650 
1, 1651 
1, 1652 
1, 1652 
1, 1653 
1, 1654 
1, 1655 
1, 1656 
1, 1657 
1, 1658 
1, 1659 
1, 1660 
1, 1661 
1, 1662 
1, 1663 
1, 1664 
1, 1664 
1, 1665 
1, 1666 
1, 1667 
1, 1668 
1, 1669 
1, 1670 
1, 1670 
1, 1671 
1, 1676 
1, 1677 
1, 1678 
1, 1678 
1, 1683 
1, 1684 
1, 1684 
1, 1685 
1, 1686 
1, 1687 
1, 1688 
1, 1689 
1, 1690 
1, 1691 
1, 1691 
1, 1692 
1, 1693 
1, 1694 
1, 1695 
1, 1696 
1, 1697 
1, 1698 
1, 1699 
1, 1700 
1, 1701 
1, 1702 
1, 1703 
1, 1704 
1, 1704 
1, 1705 
1, 1706 
1, 1707 
1, 1708 
-49, 1709 
3, 1718 
3, 1719 
3, 1719 
3, 1721 
3, 1721 
3, 1727 
3, 1728 
3, 1730 
3, 1731 
3, 1732 
3, 1733 
3, 1734 
3, 1740 
3, 1741 
3, 1742 
3, 1742 
3, 1743 
3, 1744 
3, 1745 
3, 1746 
3, 1747 
3, 1747 
3, 1748 
3, 1749 
3, 1750 
3, 1751 
3, 1752 
3, 1753 
3, 1754 
3, 1754 
3, 1755 
3, 1760 
3, 1765 
3, 1766 
3, 1767 
3, 1768 
3, 1769 
3, 1770 
3, 1770 
3, 1771 
3, 1772 
3, 1773 
3, 1774 
1, 1774 
1, 1775 
1, 1776 
1, 1777 
1, 1778 
1, 1778 
1, 1779 
1, 1780 
1, 1781 
1, 1781 
1, 1783 
1, 1784 
1, 1784 
1, 1785 
1, 1786 
1, 1787 
1, 1788 
1, 1789 
1, 1790 
1, 1790 
1, 1791 
1, 1792 
1, 1798 
1, 1799 
1, 1800 
1, 1801 
1, 1801 
1, 1807 
1, 1808 
1, 1809 
1, 1810 
1, 1811 
1, 1812 
1, 1813 
1, 1813 
-1, 1814 
1, 1815 
1, 1816 
1, 1817 
1, 1818 
1, 1819 
1, 1820 
1, 1820 
1, 1821 
1, 1822 
1, 1823 
1, 1824 
1, 1825 
1, 1825 
1, 1826 
1, 1827 
1, 1828 
1, 1829 
1, 1830 
1, 1831 
1, 1832 
1, 1833 
-49, 1834 
3, 1842 
3, 1843 
3, 1844 
3, 1845 
3, 1845 
3, 1846 
3, 1848 
3, 1849 
3, 1850 
3, 1851 
3, 1852 
3, 1853 
3, 1853 
3, 1854 
3, 1856 
3, 1856 
3, 1858 
3, 1858 
3, 1859 
3, 1860 
3, 1861 
3, 1862 
3, 1862 
3, 1863 
3, 1864 
3, 1865 
3, 1866 
3, 1866 
3, 1871 
3, 1872 
3, 1873 
3, 1874 
3, 1874 
3, 1880 
3, 1881 
3, 1882 
3, 1883 
3, 1883 
3, 1884 
3, 1885 
3, 1885 
3, 1886 
3, 1887 
1, 1888 
1, 1888 
1, 1889 
1, 1890 
1, 1891 
1, 1892 
1, 1893 
1, 1894 
1, 1894 
1, 1895 
1, 1896 
1, 1897 
1, 1898 
1, 1899 
1, 1899 
1, 1900 
1, 1901 
1, 1902 
1, 1903 
1, 1903 
1, 1904 
1, 1905 
1, 1906 
1, 1908 
1, 1909 
1, 1910 
1, 1911 
1, 1912 
1, 1913 
1, 1913 
1, 1919 
1, 1920 
1, 1921 
1, 1922 
1, 1923 
1, 1923 
1, 1924 
1, 1925 
1, 1926 
1, 1926 
1, 1927 
1, 1928 
1, 1929 
1, 1930 
1, 1931 
1, 1931 
1, 1932 
1, 1933 
1, 1934 
1, 1935 
1, 1935 
1, 1936 
1, 1937 
1, 1938 
1, 1939 
1, 1940 
-49, 1941 
3, 1948 
3, 1949 
3, 1950 
3, 1951 
3, 1952 
3, 1952 
3, 1953 
3, 1954 
3, 1955 
3, 1956 
3, 1957 
3, 1958 
3, 1959 
3, 1959 
3, 1960 
3, 1961 
3, 1962 
3, 1963 
3, 1963 
3, 1964 
3, 1965 
3, 1966 
3, 1967 
3, 1968 
3, 1969 
3, 1969 
3, 1970 
3, 1971 
3, 1972 
3, 1973 
3, 1973 
3, 1974 
3, 1975 
3, 1976 
3, 1976 
3, 1977 
3, 1978 
3, 1979 
3, 1979 
3, 1980 
3, 1981 
3, 1982 
3, 1983 
1, 1983 
1, 1984 
1, 1985 
1, 1986 
1, 1987 
1, 1988 
1, 1988 
1, 1989 
1, 1990 
1, 1991 
1, 1992 
1, 1993 
1, 1994 
1, 1995 
1, 1999 
1, 2000 
1, 2001 
1, 2001 
1, 2002 
1, 2003 
1, 2004 
1, 2005 
1, 2006 
1, 2007 
1, 2007 
-1, 2008 
1, 2009 
1, 2010 
1, 2011 
1, 2012 
1, 2013 
1, 2013 
1, 2014 
1, 2015 
1, 2016 
1, 2017 
1, 2018 
1, 2019 
1, 2019 
1, 2020 
1, 2021 
1, 2022 
1, 2023 
1, 2024 
1, 2024 
1, 2025 
1, 2026 
1, 2027 
1, 2028 
1, 2029 
1, 2030 
1, 2031 
1, 2032 
1, 2033 
1, 2033 
1, 2034 
-49, 2035 
3, 2043 
3, 2044 
3, 2045 
3, 2046 
3, 2047 
3, 2047 
3, 2048 
3, 2049 
3, 2050 
3, 2051 
3, 2051 
3, 2052 
3, 2053 
3, 2054 
3, 2055 
3, 2056 
3, 2057 
3, 2057 
3, 2058 
3, 2059 
3, 2060 
3, 2061 
3, 2062 
3, 2063 
3, 2064 
3, 2065 
3, 2066 
3, 2067 
3, 2067 
3, 2068 
3, 2069 
3, 2070 
3, 2071 
3, 2072 
3, 2073 
3, 2073 
3, 2078 
3, 2079 
3, 2080 
3, 2081 
3, 2082 
3, 2083 
3, 2084 
1, 2085 
1, 2086 
1, 2087 
1, 2088 
1, 2089 
1, 2090 
1, 2091 
1, 2092 
1, 2093 
1, 2094 
1, 2095 
1, 2095 
1, 2096 
1, 2097 
1, 2098 
1, 2099 
1, 2099 
1, 2100 
1, 2101 
1, 2102 
1, 2103 
1, 2103 
1, 2104 
1, 2105 
1, 2106 
1, 2107 
1, 2107 
1, 2108 
1, 2109 
1, 2110 
1, 2111 
1, 2112 
1, 2112 
1, 2113 
1, 2114 
1, 2115 
1, 2115 
1, 2116 
1, 2117 
1, 2118 
1, 2119 
1, 2120 
1, 2120 
1, 2121 
1, 2122 
1, 2123 
1, 2123 
1, 2124 
1, 2125 
1, 2126 
1, 2127 
1, 2127 
1, 2128 
1, 2129 
1, 2130 
1, 2130 
-49, 2131 
3, 2138 
3, 2139 
3, 2140 
3, 2140 
3, 2141 
3, 2142 
3, 2143 
3, 2144 
3, 2144 
3, 2145 
3, 2146 
3, 2147 
3, 2148 
3, 2149 
3, 2150 
3, 2151 
3, 2151 
3, 2152 
3, 2153 
3, 2154 
3, 2155 
3, 2155 
3, 2156 
3, 2157 
3, 2158 
3, 2159 
3, 2160 
3, 2161 
3, 2162 
3, 2163 
3, 2163 
3, 2164 
3, 2165 
3, 2166 
3, 2167 
3, 2168 
3, 2169 
3, 2170 
3, 2171 
3, 2171 
3, 2172 
3, 2173 
3, 2174 
1, 2175 
1, 2175 
1, 2179 
1, 2180 
1, 2181 
1, 2182 
1, 2183 
1, 2184 
1, 2185 
1, 2186 
1, 2186 
1, 2187 
1, 2188 
1, 2192 
1, 2193 
1, 2194 
1, 2195 
1, 2196 
1, 2196 
1, 2197 
1, 2198 
1, 2199 
1, 2200 
1, 2201 
1, 2202 
1, 2202 
1, 2203 
1, 2204 
1, 2205 
1, 2205 
1, 2206 
1, 2207 
1, 2208 
1, 2208 
1, 2209 
1, 2210 
1, 2211 
1, 2211 
1, 2212 
1, 2213 
1, 2214 
1, 2214 
1, 2215 
1, 2216 
1, 2217 
1, 2218 
1, 2219 
1, 2220 
1, 2221 
1, 2222 
1, 2222 
1, 2223 
1, 2224 
1, 2225 
1, 2226 
1, 2227 
-49, 2228 
3, 2236 
3, 2236 
3, 2237 
3, 2238 
3, 2239 
3, 2240 
3, 2241 
3, 2241 
3, 2242 
3, 2243 
3, 2248 
3, 2249 
3, 2254 
3, 2254 
3, 2255 
3, 2256 
3, 2256 
3, 2257 
3, 2258 
3, 2259 
3, 2260 
3, 2260 
3, 2261 
3, 2262 
3, 2263 
3, 2264 
3, 2264 
3, 2265 
3, 2266 
3, 2267 
3, 2268 
3, 2269 
3, 2270 
3, 2271 
-1, 2271 
3, 2272 
3, 2273 
3, 2274 
3, 2275 
3, 2275 
3, 2276 
3, 2277 
3, 2278 
3, 2279 
1, 2280 
1, 2280 
1, 2281 
1, 2282 
1, 2283 
1, 2283 
1, 2288 
1, 2288 
1, 2289 
1, 2290 
1, 2290 
1, 2291 
1, 2292 
1, 2293 
1, 2293 
1, 2294 
1, 2295 
1, 2296 
1, 2297 
1, 2298 
1, 2299 
1, 2300 
1, 2301 
1, 2301 
1, 2302 
1, 2303 
1, 2304 
1, 2305 
1, 2305 
1, 2306 
1, 2307 
1, 2308 
1, 2308 
1, 2309 
1, 2310 
1, 2311 
1, 2311 
1, 2312 
1, 2313 
1, 2314 
1, 2315 
1, 2315 
1, 2316 
1, 2317 
1, 2318 
1, 2319 
1, 2319 
1, 2320 
1, 2321 
1, 2322 
1, 2323 
1, 2324 
1, 2324 
1, 2325 
1, 2326 
1, 2327 
-49, 2328 
3, 2336 
3, 2337 
3, 2338 
3, 2339 
3, 2339 
3, 2340 
3, 2341 
3, 2342 
3, 2342 
3, 2343 
3, 2344 
3, 2345 
3, 2345 
3, 2346 
3, 2347 
3, 2348 
3, 2348 
3, 2349 
3, 2350 
3, 2351 
3, 2352 
3, 2352 
3, 2353 
3, 2354 
3, 2355 
3, 2356 
3, 2356 
3, 2357 
3, 2358 
3, 2359 
3, 2360 
3, 2360 
3, 2361 
3, 2362 
3, 2363 
3, 2364 
3, 2365 
3, 2366 
3, 2367 
3, 2367 
3, 2368 
3, 2369 
3, 2370 
1, 2371 
1, 2371 
1, 2372 
1, 2373 
1, 2374 
1, 2375 
1, 2375 
1, 2376 
1, 2377 
1, 2378 
1, 2378 
1, 2379 
1, 2380 
1, 2381 
1, 2381 
1, 2382 
1, 2383 
1, 2384 
1, 2384 
1, 2385 
1, 2386 
1, 2387 
1, 2388 
1, 2389 
1, 2390 
1, 2390 
1, 2391 
1, 2392 
1, 2393 
1, 2394 
1, 2395 
1, 2396 
1, 2397 
1, 2400 
1, 2401 
1, 2402 
1, 2403 
1, 2404 
1, 2405 
1, 2406 
1, 2406 
1, 2407 
1, 2408 
1, 2409 
1, 2409 
1, 2410 
1, 2411 
1, 2412 
1, 2413 
1, 2414 
1, 2414 
1, 2415 
1, 2416 
1, 2417 
1, 2418 
1, 2419 
-49, 2420 
3, 2428 
3, 2428 
3, 2429 
3, 2430 
3, 2431 
3, 2432 
3, 2432 
3, 2433 
3, 2434 
3, 2435 
3, 2436 
3, 2437 
3, 2437 
3, 2438 
3, 2439 
3, 2440 
3, 2441 
3, 2442 
3, 2442 
3, 2443 
3, 2444 
3, 2444 
3, 2445 
3, 2446 
3, 2447 
3, 2448 
3, 2448 
3, 2449 
3, 2450 
3, 2451 
3, 2451 
3, 2452 
3, 2453 
3, 2454 
3, 2455 
3, 2455 
3, 2456 
3, 2457 
3, 2458 
3, 2459 
3, 2460 
3, 2460 
3, 2461 
1, 2462 
1, 2463 
1, 2464 
1, 2464 
1, 2465 
1, 2466 
1, 2467 
1, 2468 
1, 2468 
1, 2469 
1, 2473 
1, 2474 
1, 2475 
1, 2476 
1, 2477 
1, 2477 
1, 2478 
1, 2479 
1, 2480 
1, 2481 
1, 2481 
1, 2482 
1, 2483 
1, 2484 
1, 2484 
1, 2485 
1, 2486 
1, 2487 
1, 2488 
1, 2489 
1, 2490 
1, 2490 
1, 2491 
1, 2492 
1, 2492 
1, 2493 
1, 2494 
1, 2495 
1, 2496 
1, 2496 
1, 2497 
1, 2498 
1, 2499 
1, 2499 
1, 2500 
1, 2501 
1, 2502 
1, 2502 
1, 2503 
1, 2504 
1, 2505 
1, 2506 
1, 2506 
1, 2507 
1, 2508 
1, 2509 
-49, 2510 
3, 2517 
3, 2517 
3, 2518 
3, 2519 
3, 2520 
3, 2521 
3, 2521 
3, 2522 
3, 2523 
3, 2524 
3, 2528 
3, 2529 
3, 2529 
3, 2530 
3, 2531 
3, 2532 
3, 2532 
3, 2533 
3, 2534 
3, 2535 
3, 2535 
3, 2536 
3, 2537 
3, 2538 
3, 2538 
3, 2539 
3, 2540 
3, 2541 
3, 2541 
3, 2542 
3, 2543 
3, 2544 
3, 2544 
3, 2545 
3, 2546 
3, 2547 
3, 2548 
3, 2548 
3, 2549 
3, 2550 
3, 2551 
3, 2551 
3, 2552 
1, 2553 
1, 2554 
1, 2555 
1, 2556 
1, 2557 
1, 2557 
1, 2558 
1, 2559 
1, 2560 
1, 2561 
1, 2562 
1, 2562 
1, 2563 
1, 2564 
1, 2565 
1, 2566 
1, 2567 
1, 2567 
1, 2568 
1, 2569 
1, 2570 
1, 2571 
1, 2571 
1, 2572 
1, 2573 
1, 2574 
1, 2575 
1, 2575 
1, 2576 
1, 2577 
1, 2578 
1, 2579 
1, 2579 
1, 2580 
1, 2581 
1, 2582 
1, 2583 
1, 2583 
1, 2584 
1, 2585 
1, 2586 
1, 2586 
1, 2587 
1, 2588 
1, 2589 
1, 2590 
1, 2591 
1, 2591 
1, 2592 
1, 2593 
1, 2594 
1, 2594 
1, 2595 
1, 2596 
1, 2597 
1, 2598 
1, 2599 
-49, 2599 
3, 2607 
3, 2608 
3, 2608 
3, 2609 
3, 2610 
3, 2610 
3, 2611 
3, 2612 
3, 2613 
3, 2614 
3, 2614 
3, 2615 
3, 2616 
3, 2617 
3, 2617 
3, 2618 
3, 2619 
3, 2620 
3, 2620 
3, 2621 
3, 2622 
3, 2623 
3, 2624 
3, 2624 
3, 2625 
3, 2626 
3, 2630 
3, 2631 
3, 2632 
3, 2633 
3, 2634 
3, 2634 
3, 2635 
3, 2636 
3, 2637 
3, 2638 
3, 2638 
3, 2639 
3, 2640 
3, 2641 
3, 2642 
3, 2642 
3, 2643 
1, 2644 
1, 2645 
1, 2646 
1, 2646 
1, 2647 
-1, 2648 
1, 2648 
1, 2649 
1, 2650 
1, 2651 
1, 2652 
1, 2653 
1, 2653 
1, 2654 
1, 2655 
1, 2656 
1, 2657 
1, 2657 
1, 2658 
1, 2659 
1, 2660 
1, 2660 
1, 2661 
1, 2662 
1, 2665 
1, 2666 
1, 2667 
1, 2668 
1, 2668 
1, 2669 
1, 2670 
1, 2671 
1, 2671 
1, 2672 
1, 2673 
1, 2674 
1, 2674 
1, 2675 
1, 2676 
1, 2677 
1, 2678 
1, 2679 
1, 2679 
1, 2680 
1, 2681 
1, 2682 
1, 2682 
1, 2683 
1, 2684 
1, 2685 
1, 2686 
1, 2687 
1, 2687 
1, 2688 
1, 2689 
1, 2690 
1, 2691 
-49, 2691 
3, 2699 
3, 2699 
3, 2700 
3, 2701 
3, 2702 
3, 2702 
3, 2703 
3, 2704 
3, 2705 
3, 2706 
3, 2706 
3, 2707 
3, 2708 
3, 2709 
3, 2709 
3, 2710 
3, 2711 
3, 2712 
3, 2712 
3, 2713 
3, 2714 
3, 2715 
3, 2715 
3, 2720 
3, 2721 
3, 2722 
3, 2723 
3, 2723 
3, 2724 
3, 2725 
3, 2726 
3, 2726 
3, 2727 
3, 2732 
3, 2733 
3, 2734 
3, 2734 
3, 2735 
3, 2736 
3, 2737 
3, 2738 
3, 2738 
3, 2739 
1, 2740 
1, 2741 
1, 2742 
1, 2743 
1, 2743 
1, 2744 
-1, 2745 
1, 2745 
1, 2746 
1, 2747 
1, 2752 
1, 2753 
1, 2753 
1, 2754 
1, 2755 
1, 2756 
1, 2757 
1, 2757 
1, 2758 
1, 2759 
1, 2760 
1, 2761 
1, 2762 
1, 2763 
1, 2763 
1, 2764 
1, 2765 
1, 2766 
1, 2766 
1, 2772 
1, 2773 
1, 2773 
1, 2774 
1, 2775 
1, 2776 
1, 2777 
1, 2777 
1, 2778 
1, 2779 
1, 2780 
1, 2780 
1, 2781 
1, 2782 
1, 2783 
1, 2784 
1, 2784 
1, 2785 
1, 2786 
1, 2786 
1, 2787 
1, 2788 
1, 2789 
1, 2789 
1, 2790 
1, 2791 
1, 2792 
1, 2793 
-49, 2793 
3, 2801 
3, 2802 
3, 2802 
3, 2803 
3, 2804 
3, 2805 
3, 2806 
3, 2806 
3, 2807 
3, 2808 
3, 2809 
3, 2810 
3, 2811 
3, 2811 
3, 2812 
3, 2813 
3, 2814 
3, 2815 
3, 2816 
3, 2816 
3, 2817 
3, 2818 
3, 2819 
3, 2820 
3, 2821 
3, 2821 
3, 2822 
3, 2823 
3, 2824 
3, 2824 
3, 2825 
3, 2826 
3, 2827 
3, 2827 
3, 2832 
3, 2833 
3, 2834 
3, 2835 
3, 2835 
3, 2836 
3, 2837 
3, 2838 
3, 2839 
1, 2839 
1, 2840 
1, 2841 
1, 2841 
1, 2842 
1, 2843 
1, 2844 
1, 2845 
1, 2846 
1, 2846 
1, 2847 
1, 2848 
1, 2849 
1, 2849 
1, 2850 
1, 2851 
1, 2852 
1, 2852 
1, 2853 
1, 2854 
1, 2855 
1, 2856 
1, 2857 
1, 2862 
1, 2863 
1, 2864 
1, 2864 
1, 2865 
1, 2869 
1, 2870 
1, 2874 
1, 2874 
1, 2875 
1, 2876 
1, 2877 
1, 2877 
1, 2878 
1, 2879 
1, 2879 
1, 2880 
1, 2881 
1, 2882 
1, 2883 
1, 2884 
1, 2885 
1, 2885 
1, 2886 
1, 2887 
1, 2888 
1, 2888 
1, 2889 
1, 2890 
1, 2891 
1, 2892 
1, 2893 
1, 2893 
-49, 2894 
3, 2901 
3, 2902 
3, 2903 
3, 2904 
3, 2904 
3, 2905 
3, 2906 
3, 2907 
3, 2908 
3, 2908 
3, 2909 
3, 2910 
3, 2911 
3, 2912 
3, 2913 
3, 2913 
3, 2914 
3, 2915 
3, 2916 
3, 2916 
3, 2917 
3, 2918 
3, 2919 
3, 2919 
3, 2920 
3, 2921 
1, 2922 
3, 2923 
3, 2923 
3, 2924 
3, 2925 
3, 2926 
3, 2927 
3, 2928 
3, 2928 
3, 2929 
3, 2930 
3, 2931 
3, 2932 
3, 2932 
3, 2933 
3, 2934 
3, 2935 
1, 2936 
1, 2936 
1, 2937 
1, 2938 
1, 2939 
1, 2940 
1, 2941 
1, 2941 
1, 2942 
1, 2943 
1, 2944 
1, 2945 
1, 2945 
1, 2946 
1, 2947 
1, 2948 
1, 2949 
1, 2949 
1, 2950 
1, 2951 
1, 2952 
1, 2953 
1, 2953 
1, 2954 
1, 2955 
1, 2956 
1, 2957 
1, 2958 
1, 2958 
1, 2959 
1, 2960 
1, 2961 
1, 2962 
1, 2962 
1, 2963 
1, 2964 
1, 2965 
1, 2966 
1, 2966 
1, 2967 
1, 2968 
1, 2969 
1, 2969 
1, 2970 
1, 2971 
1, 2972 
1, 2973 
1, 2974 
1, 2974 
1, 2975 
1, 2976 
1, 2977 
1, 2978 
1, 2978 
1, 2979 
1, 2980 
-49, 2981 
3, 2989 
3, 2989 
3, 2990 
3, 2991 
3, 2992 
3, 2993 
3, 2993 
3, 2994 
3, 2995 
3, 2996 
3, 2997 
3, 2997 
3, 2998 
3, 2999 
3, 3000 
3, 3001 
3, 3001 
3, 3002 
3, 3003 
3, 3004 
3, 3005 
3, 3005 
3, 3006 
3, 3007 
3, 3008 
-1, 3008 
3, 3009 
3, 3010 
3, 3011 
3, 3012 
3, 3012 
3, 3013 
3, 3014 
3, 3015 
3, 3016 
3, 3016 
3, 3017 
3, 3018 
3, 3019 
3, 3019 
3, 3020 
3, 3021 
3, 3022 
3, 3023 
1, 3024 
1, 3024 
1, 3025 
1, 3026 
1, 3027 
1, 3028 
1, 3028 
1, 3029 
1, 3030 
1, 3034 
1, 3035 
1, 3036 
1, 3036 
1, 3037 
1, 3038 
1, 3038 
1, 3039 
1, 3040 
1, 3041 
1, 3042 
1, 3042 
1, 3043 
1, 3044 
1, 3045 
1, 3045 
1, 3046 
1, 3047 
1, 3048 
1, 3049 
1, 3049 
1, 3050 
1, 3051 
1, 3052 
1, 3055 
1, 3056 
1, 3057 
1, 3058 
1, 3058 
1, 3059 
1, 3060 
1, 3061 
1, 3061 
1, 3062 
1, 3063 
1, 3064 
1, 3065 
1, 3065 
1, 3066 
1, 3067 
1, 3068 
1, 3069 
1, 3069 
1, 3070 
1, 3071 
1, 3072 
1, 3072 
1, 3073 
-49, 3074 
3, 3082 
3, 3083 
3, 3083 
3, 3084 
3, 3085 
3, 3086 
3, 3086 
3, 3087 
3, 3088 
3, 3089 
3, 3090 
3, 3090 
3, 3091 
3, 3092 
3, 3093 
3, 3094 
3, 3095 
3, 3096 
3, 3096 
3, 3097 
3, 3098 
3, 3099 
3, 3100 
3, 3100 
3, 3101 
3, 3102 
3, 3103 
3, 3103 
3, 3104 
3, 3105 
3, 3106 
3, 3106 
3, 3107 
3, 3108 
3, 3109 
3, 3110 
3, 3111 
3, 3111 
3, 3112 
3, 3113 
3, 3114 
3, 3115 
3, 3116 
1, 3116 
1, 3117 
1, 3118 
1, 3119 
1, 3119 
1, 3120 
1, 3121 
1, 3122 
1, 3123 
1, 3124 
1, 3124 
1, 3125 
1, 3126 
1, 3127 
1, 3128 
1, 3128 
1, 3129 
1, 3130 
1, 3131 
1, 3131 
1, 3132 
1, 3133 
1, 3134 
1, 3134 
1, 3135 
1, 3136 
1, 3137 
1, 3141 
1, 3142 
1, 3142 
1, 3143 
1, 3144 
1, 3145 
1, 3145 
1, 3146 
1, 3147 
1, 3148 
1, 3149 
1, 3149 
1, 3150 
1, 3151 
1, 3151 
1, 3152 
1, 3153 
1, 3154 
1, 3155 
1, 3155 
1, 3156 
1, 3157 
1, 3158 
1, 3158 
1, 3159 
1, 3160 
1, 3161 
1, 3161 
1, 3162 
-49, 3163 
3, 3170 
3, 3171 
3, 3172 
3, 3173 
3, 3174 
3, 3174 
3, 3175 
3, 3176 
3, 3177 
3, 3177 
3, 3178 
3, 3179 
3, 3180 
3, 3181 
3, 3182 
3, 3182 
3, 3183 
3, 3184 
3, 3184 
3, 3185 
3, 3186 
3, 3186 
3, 3187 
3, 3188 
3, 3189 
3, 3190 
3, 3190 
3, 3191 
3, 3192 
3, 3193 
3, 3193 
1, 3194 
3, 3195 
3, 3196 
3, 3197 
3, 3198 
3, 3198 
3, 3199 
3, 3200 
3, 3201 
3, 3201 
3, 3202 
3, 3203 
1, 3204 
1, 3205 
1, 3205 
1, 3206 
1, 3207 
1, 3211 
1, 3212 
1, 3213 
1, 3214 
1, 3214 
1, 3215 
1, 3216 
1, 3217 
1, 3218 
1, 3218 
1, 3219 
1, 3220 
1, 3221 
1, 3222 
1, 3222 
1, 3223 
1, 3224 
1, 3225 
1, 3225 
1, 3226 
1, 3227 
1, 3228 
1, 3228 
1, 3229 
1, 3230 
1, 3231 
1, 3232 
1, 3232 
1, 3233 
1, 3234 
1, 3235 
1, 3235 
1, 3236 
1, 3237 
1, 3238 
1, 3239 
1, 3239 
1, 3240 
1, 3241 
1, 3242 
1, 3243 
1, 3243 
1, 3244 
1, 3245 
1, 3246 
1, 3246 
1, 3247 
1, 3248 
1, 3249 
1, 3250 
1, 3250 
-49, 3251 
3, 3258 
3, 3259 
3, 3260 
3, 3260 
3, 3261 
3, 3262 
3, 3263 
3, 3264 
3, 3264 
3, 3265 
3, 3266 
3, 3271 
3, 3276 
3, 3276 
3, 3277 
3, 3278 
3, 3279 
3, 3280 
3, 3280 
3, 3281 
3, 3282 
3, 3283 
3, 3284 
3, 3285 
3, 3285 
3, 3286 
3, 3287 
3, 3288 
3, 3289 
3, 3290 
3, 3291 
3, 3291 
3, 3292 
3, 3293 
3, 3294 
3, 3294 
3, 3295 
3, 3296 
3, 3297 
3, 3297 
3, 3298 
3, 3299 
3, 3300 
1, 3300 
1, 3301 
1, 3302 
1, 3303 
1, 3304 
1, 3304 
1, 3310 
1, 3310 
1, 3311 
1, 3312 
1, 3313 
1, 3313 
1, 3314 
1, 3315 
1, 3316 
1, 3317 
1, 3318 
1, 3318 
1, 3319 
1, 3323 
1, 3324 
1, 3325 
1, 3325 
1, 3326 
1, 3327 
-1, 3328 
1, 3328 
1, 3329 
1, 3330 
1, 3331 
1, 3332 
1, 3332 
1, 3333 
1, 3334 
1, 3335 
1, 3336 
1, 3336 
1, 3337 
1, 3338 
1, 3339 
1, 3340 
1, 3341 
1, 3342 
1, 3343 
1, 3344 
1, 3344 
1, 3345 
1, 3346 
1, 3347 
1, 3347 
1, 3348 
1, 3349 
1, 3350 
1, 3351 
1, 3351 
1, 3352 
1, 3353 
-49, 3354 
3, 3361 
3, 3362 
3, 3363 
3, 3364 
3, 3364 
3, 3365 
3, 3366 
3, 3367 
3, 3368 
3, 3369 
3, 3370 
3, 3370 
3, 3371 
3, 3372 
3, 3373 
3, 3373 
3, 3374 
3, 3375 
3, 3376 
3, 3377 
3, 3377 
3, 3378 
3, 3379 
3, 3380 
3, 3381 
3, 3381 
3, 3382 
3, 3383 
3, 3384 
3, 3385 
3, 3386 
3, 3387 
3, 3387 
3, 3388 
3, 3389 
3, 3390 
3, 3391 
3, 3391 
3, 3392 
3, 3393 
3, 3394 
3, 3395 
3, 3395 
1, 3396 
1, 3397 
1, 3398 
1, 3398 
1, 3399 
1, 3400 
1, 3400 
1, 3401 
1, 3402 
1, 3403 
1, 3403 
1, 3404 
1, 3405 
1, 3406 
1, 3406 
1, 3407 
1, 3408 
1, 3409 
1, 3410 
1, 3411 
1, 3411 
1, 3412 
1, 3413 
1, 3414 
1, 3415 
1, 3415 
1, 3416 
1, 3417 
1, 3418 
1, 3419 
1, 3419 
1, 3420 
1, 3421 
1, 3422 
1, 3422 
1, 3423 
1, 3424 
1, 3425 
1, 3425 
1, 3426 
1, 3427 
1, 3428 
1, 3428 
1, 3429 
1, 3430 
1, 3431 
1, 3431 
1, 3432 
1, 3433 
1, 3433 
1, 3434 
1, 3435 
1, 3436 
1, 3437 
1, 3438 
1, 3438 
-49, 3439 
3, 3447 
3, 3447 
3, 3448 
3, 3449 
3, 3450 
3, 3451 
3, 3451 
3, 3452 
3, 3453 
3, 3454 
3, 3455 
3, 3460 
3, 3461 
3, 3461 
3, 3462 
3, 3463 
3, 3469 
3, 3469 
3, 3470 
3, 3471 
3, 3472 
3, 3473 
3, 3474 
3, 3474 
3, 3475 
3, 3476 
3, 3477 
3, 3478 
3, 3478 
3, 3479 
3, 3480 
3, 3481 
3, 3482 
3, 3482 
3, 3483 
3, 3484 
3, 3485 
3, 3486 
3, 3486 
3, 3487 
3, 3488 
3, 3489 
3, 3493 
1, 3494 
1, 3494 
1, 3495 
1, 3496 
1, 3497 
1, 3497 
1, 3498 
1, 3499 
1, 3500 
1, 3501 
1, 3502 
1, 3502 
1, 3503 
1, 3504 
1, 3505 
1, 3506 
1, 3507 
1, 3507 
1, 3508 
1, 3509 
1, 3510 
1, 3510 
1, 3511 
1, 3512 
1, 3512 
1, 3513 
1, 3514 
1, 3515 
1, 3515 
1, 3516 
1, 3517 
1, 3518 
1, 3519 
1, 3520 
1, 3520 
1, 3521 
1, 3522 
1, 3523 
1, 3524 
1, 3524 
1, 3525 
1, 3526 
1, 3527 
1, 3527 
1, 3528 
1, 3529 
1, 3530 
1, 3531 
1, 3531 
1, 3532 
1, 3533 
1, 3533 
1, 3534 
1, 3535 
1, 3536 
1, 3536 
-49, 3537 
3, 3545 
3, 3546 
3, 3546 
3, 3547 
3, 3548 
3, 3548 
3, 3549 
3, 3550 
3, 3551 
3, 3552 
3, 3553 
3, 3553 
3, 3554 
1, 3555 
3, 3555 
3, 3556 
3, 3557 
3, 3557 
3, 3558 
3, 3559 
3, 3560 
3, 3561 
3, 3561 
3, 3562 
3, 3563 
3, 3563 
3, 3564 
3, 3565 
3, 3566 
3, 3567 
3, 3567 
3, 3568 
3, 3569 
3, 3570 
3, 3570 
3, 3571 
3, 3572 
3, 3573 
3, 3574 
3, 3574 
3, 3575 
3, 3576 
3, 3577 
1, 3578 
3, 3578 
1, 3579 
1, 3580 
1, 3581 
1, 3582 
1, 3582 
1, 3583 
1, 3584 
1, 3585 
1, 3585 
1, 3586 
1, 3587 
1, 3588 
1, 3588 
1, 3589 
1, 3590 
1, 3591 
1, 3591 
1, 3592 
1, 3593 
1, 3593 
1, 3594 
1, 3595 
1, 3596 
1, 3597 
1, 3597 
1, 3598 
1, 3599 
1, 3599 
1, 3600 
1, 3601 
1, 3602 
1, 3603 
1, 3604 
1, 3604 
1, 3605 
1, 3606 
1, 3607 
1, 3608 
1, 3609 
1, 3609 
1, 3610 
1, 3611 
1, 3612 
1, 3613 
1, 3614 
1, 3614 
1, 3615 
1, 3616 
1, 3617 
1, 3618 
1, 3619 
1, 3620 
1, 3620 
1, 3621 
1, 3622 
1, 3622 
-49, 3623 
3, 3631 
3, 3632 
3, 3633 
3, 3633 
3, 3634 
3, 3635 
3, 3636 
3, 3637 
3, 3638 
3, 3638 
3, 3639 
-1, 3640 
3, 3641 
3, 3641 
3, 3642 
3, 3643 
3, 3644 
3, 3644 
3, 3645 
3, 3646 
3, 3647 
3, 3647 
3, 3648 
3, 3649 
3, 3650 
3, 3651 
3, 3652 
3, 3652 
3, 3653 
3, 3654 
3, 3655 
3, 3655 
3, 3656 
3, 3657 
3, 3658 
3, 3659 
3, 3659 
3, 3660 
3, 3661 
3, 3662 
3, 3663 
3, 3663 
3, 3664 
3, 3665 
1, 3666 
1, 3666 
1, 3667 
1, 3668 
1, 3669 
1, 3670 
1, 3670 
1, 3671 
1, 3672 
1, 3672 
1, 3673 
1, 3674 
1, 3675 
1, 3676 
1, 3676 
1, 3677 
1, 3678 
1, 3679 
1, 3679 
1, 3680 
1, 3681 
1, 3682 
1, 3682 
1, 3683 
1, 3684 
1, 3685 
1, 3685 
1, 3686 
1, 3690 
1, 3691 
1, 3692 
1, 3693 
1, 3693 
1, 3694 
1, 3695 
1, 3696 
1, 3697 
1, 3697 
1, 3698 
1, 3699 
1, 3700 
1, 3701 
1, 3701 
1, 3702 
1, 3703 
1, 3704 
1, 3704 
1, 3705 
1, 3706 
1, 3707 
1, 3708 
1, 3708 
1, 3709 
1, 3710 
1, 3711 
1, 3711 
-49, 3712 
3, 3720 
3, 3721 
3, 3721 
3, 3722 
3, 3723 
3, 3724 
3, 3724 
3, 3725 
3, 3726 
3, 3727 
3, 3728 
3, 3728 
3, 3729 
3, 3730 
3, 3731 
3, 3732 
3, 3732 
3, 3733 
3, 3734 
3, 3735 
3, 3736 
3, 3737 
3, 3737 
3, 3738 
3, 3739 
3, 3740 
3, 3741 
3, 3741 
3, 3742 
3, 3743 
3, 3744 
3, 3745 
3, 3745 
3, 3746 
3, 3747 
3, 3748 
3, 3749 
3, 3749 
3, 3750 
3, 3751 
3, 3752 
3, 3753 
3, 3753 
1, 3754 
1, 3755 
1, 3756 
-1, 3756 
1, 3757 
1, 3758 
1, 3759 
1, 3760 
1, 3760 
1, 3761 
1, 3762 
1, 3763 
1, 3764 
1, 3764 
1, 3765 
1, 3766 
1, 3767 
1, 3767 
1, 3768 
1, 3769 
1, 3770 
1, 3771 
1, 3771 
1, 3772 
1, 3773 
1, 3774 
1, 3775 
1, 3776 
1, 3776 
1, 3777 
1, 3778 
1, 3779 
1, 3779 
1, 3780 
1, 3785 
1, 3786 
1, 3787 
1, 3787 
1, 3788 
1, 3789 
1, 3790 
1, 3790 
1, 3791 
1, 3792 
1, 3792 
1, 3793 
1, 3794 
1, 3795 
1, 3796 
1, 3796 
1, 3797 
1, 3798 
1, 3799 
1, 3800 
1, 3800 
1, 3801 
1, 3802 
-49, 3803 
3, 3810 
3, 3811 
3, 3812 
3, 3812 
3, 3813 
3, 3814 
3, 3815 
3, 3815 
3, 3816 
3, 3817 
3, 3818 
3, 3819 
3, 3819 
3, 3820 
3, 3821 
3, 3822 
3, 3822 
3, 3823 
3, 3824 
3, 3824 
3, 3825 
3, 3826 
3, 3827 
3, 3827 
3, 3828 
3, 3829 
3, 3830 
3, 3831 
3, 3831 
3, 3832 
3, 3833 
3, 3834 
3, 3834 
3, 3835 
3, 3836 
3, 3837 
3, 3838 
3, 3838 
3, 3839 
3, 3840 
3, 3841 
3, 3842 
3, 3843 
1, 3843 
1, 3844 
1, 3845 
1, 3846 
1, 3847 
1, 3847 
1, 3848 
1, 3849 
1, 3850 
1, 3851 
1, 3851 
1, 3852 
1, 3853 
1, 3854 
1, 3855 
1, 3855 
1, 3856 
1, 3857 
1, 3858 
1, 3859 
1, 3859 
1, 3860 
1, 3861 
1, 3862 
1, 3863 
1, 3864 
1, 3865 
1, 3865 
1, 3866 
1, 3867 
1, 3868 
1, 3869 
1, 3869 
1, 3870 
1, 3871 
1, 3871 
1, 3872 
1, 3873 
1, 3874 
1, 3875 
1, 3875 
1, 3876 
1, 3877 
1, 3878 
1, 3879 
1, 3880 
1, 3880 
1, 3881 
1, 3882 
1, 3883 
1, 3884 
1, 3884 
1, 3885 
1, 3886 
1, 3887 
1, 3888 
-49, 3888 
3, 3896 
3, 3896 
3, 3897 
3, 3898 
3, 3899 
3, 3900 
3, 3901 
3, 3901 
3, 3902 
3, 3903 
3, 3904 
3, 3904 
3, 3905 
3, 3906 
3, 3907 
3, 3908 
3, 3909 
3, 3910 
3, 3911 
3, 3911 
3, 3916 
3, 3917 
3, 3918 
3, 3919 
3, 3920 
3, 3920 
3, 3921 
3, 3922 
3, 3922 
3, 3923 
3, 3924 
3, 3925 
3, 3926 
3, 3927 
3, 3927 
3, 3928 
3, 3929 
3, 3930 
3, 3931 
3, 3932 
3, 3933 
3, 3933 
3, 3934 
1, 3935 
1, 3936 
1, 3937 
1, 3937 
1, 3938 
1, 3939 
1, 3940 
1, 3945 
1, 3945 
1, 3946 
1, 3947 
1, 3948 
1, 3949 
1, 3950 
1, 3950 
1, 3951 
1, 3952 
1, 3953 
1, 3953 
1, 3954 
1, 3955 
1, 3956 
1, 3957 
1, 3962 
1, 3963 
1, 3964 
1, 3965 
1, 3966 
1, 3966 
1, 3967 
1, 3968 
1, 3969 
1, 3970 
1, 3970 
1, 3971 
1, 3972 
1, 3973 
1, 3974 
1, 3974 
1, 3975 
1, 3976 
1, 3977 
1, 3978 
1, 3978 
1, 3979 
1, 3980 
1, 3983 
1, 3984 
1, 3985 
1, 3986 
1, 3987 
1, 3987 
1, 3988 
1, 3989 
1, 3990 
1, 3991 
-49, 3991 
3, 3999 
3, 4000 
3, 4000 
3, 4001 
3, 4002 
3, 4006 
3, 4007 
3, 4008 
3, 4009 
3, 4009 
3, 4010 
3, 4011 
3, 4011 
3, 4012 
3, 4013 
3, 4014 
3, 4014 
3, 4015 
3, 4016 
3, 4016 
3, 4017 
3, 4018 
3, 4019 
3, 4020 
3, 4020 
3, 4021 
3, 4026 
3, 4027 
3, 4028 
3, 4028 
3, 4029 
3, 4030 
3, 4031 
3, 4032 
3, 4033 
3, 4034 
3, 4034 
3, 4035 
3, 4036 
3, 4037 
3, 4037 
3, 4038 
3, 4039 
1, 4040 
1, 4040 
1, 4041 
1, 4042 
1, 4043 
1, 4044 
1, 4048 
1, 4048 
1, 4049 
1, 4050 
1, 4051 
1, 4051 
1, 4052 
1, 4053 
1, 4054 
1, 4055 
1, 4055 
1, 4056 
1, 4057 
1, 4058 
1, 4059 
1, 4059 
1, 4060 
1, 4061 
1, 4062 
1, 4062 
1, 4063 
1, 4064 
1, 4065 
1, 4065 
1, 4066 
1, 4067 
1, 4068 
1, 4069 
1, 4070 
1, 4070 
1, 4071 
1, 4072 
1, 4073 
1, 4074 
1, 4074 
1, 4075 
1, 4076 
1, 4077 
1, 4078 
1, 4078 
1, 4079 
1, 4080 
1, 4081 
1, 4082 
1, 4082 
1, 4083 
1, 4084 
1, 4085 
1, 4086 
1, 4086 
-49, 4087 
3, 4094 
3, 4095 
3, 4096 
3, 4096 
3, 4097 
3, 4098 
3, 4099 
3, 4103 
3, 4104 
3, 4104 
3, 4105 
3, 4106 
3, 4106 
3, 4107 
3, 4108 
3, 4109 
3, 4110 
3, 4110 
3, 4111 
3, 4112 
3, 4113 
3, 4114 
3, 4115 
3, 4115 
3, 4116 
3, 4117 
3, 4117 
3, 4118 
3, 4119 
3, 4120 
3, 4121 
3, 4122 
3, 4122 
3, 4123 
3, 4124 
3, 4128 
3, 4129 
3, 4130 
3, 4131 
3, 4132 
3, 4133 
3, 4134 
3, 4135 
1, 4135 
1, 4136 
1, 4137 
1, 4138 
1, 4138 
1, 4139 
1, 4140 
1, 4141 
1, 4141 
1, 4142 
1, 4143 
1, 4144 
1, 4145 
1, 4146 
1, 4147 
1, 4148 
1, 4148 
1, 4149 
1, 4150 
1, 4151 
1, 4152 
1, 4152 
1, 4153 
1, 4154 
1, 4155 
1, 4156 
1, 4156 
1, 4157 
1, 4158 
1, 4161 
1, 4162 
1, 4163 
1, 4164 
1, 4164 
1, 4165 
1, 4166 
1, 4167 
1, 4167 
1, 4168 
1, 4169 
1, 4170 
1, 4171 
1, 4172 
1, 4172 
1, 4173 
1, 4174 
1, 4175 
1, 4176 
1, 4176 
1, 4177 
1, 4178 
1, 4179 
1, 4180 
1, 4181 
1, 4182 
1, 4182 
1, 4183 
-49, 4184 
3, 4191 
3, 4192 
3, 4192 
3, 4193 
3, 4194 
3, 4195 
3, 4196 
3, 4197 
3, 4197 
3, 4198 
3, 4199 
3, 4200 
3, 4200 
3, 4201 
3, 4202 
3, 4203 
3, 4207 
3, 4208 
3, 4209 
3, 4209 
3, 4210 
3, 4211 
3, 4212 
3, 4213 
3, 4213 
3, 4214 
3, 4215 
3, 4216 
3, 4217 
3, 4218 
3, 4218 
3, 4219 
3, 4220 
3, 4221 
3, 4222 
3, 4223 
3, 4224 
3, 4224 
3, 4225 
3, 4226 
3, 4227 
3, 4228 
3, 4229 
1, 4229 
1, 4230 
1, 4231 
1, 4232 
1, 4233 
1, 4233 
1, 4234 
1, 4235 
1, 4235 
1, 4236 
1, 4237 
1, 4238 
1, 4239 
1, 4240 
1, 4241 
1, 4242 
1, 4243 
1, 4243 
1, 4244 
1, 4245 
1, 4246 
1, 4247 
1, 4248 
1, 4249 
1, 4249 
1, 4250 
1, 4251 
1, 4252 
1, 4253 
1, 4254 
1, 4255 
1, 4256 
1, 4257 
1, 4258 
1, 4259 
1, 4260 
1, 4261 
1, 4262 
1, 4263 
1, 4263 
1, 4264 
1, 4265 
1, 4266 
1, 4267 
1, 4268 
1, 4269 
1, 4270 
1, 4271 
1, 4272 
1, 4272 
1, 4273 
1, 4274 
1, 4275 
1, 4275 
1, 4276 
1, 4277 
-49, 4278 
3, 4285 
3, 4286 
3, 4287 
3, 4287 
3, 4288 
3, 4289 
3, 4294 
3, 4295 
3, 4295 
3, 4296 
3, 4297 
3, 4298 
3, 4299 
1, 4299 
3, 4300 
3, 4301 
3, 4302 
3, 4302 
3, 4303 
3, 4308 
3, 4309 
3, 4310 
3, 4310 
3, 4311 
3, 4312 
3, 4313 
3, 4313 
3, 4314 
3, 4315 
3, 4316 
3, 4316 
3, 4317 
3, 4318 
3, 4319 
3, 4320 
3, 4320 
3, 4321 
3, 4322 
3, 4323 
3, 4323 
3, 4324 
3, 4325 
3, 4326 
1, 4326 
1, 4327 
1, 4328 
1, 4329 
1, 4329 
1, 4330 
1, 4331 
1, 4332 
1, 4333 
1, 4333 
1, 4334 
1, 4335 
1, 4336 
1, 4336 
1, 4337 
1, 4338 
1, 4339 
1, 4340 
1, 4340 
1, 4341 
1, 4342 
1, 4343 
1, 4344 
1, 4345 
1, 4346 
1, 4346 
1, 4347 
1, 4348 
1, 4348 
1, 4349 
1, 4350 
1, 4351 
1, 4352 
1, 4353 
1, 4354 
1, 4354 
1, 4355 
1, 4356 
1, 4356 
1, 4357 
1, 4358 
1, 4359 
1, 4360 
1, 4361 
1, 4361 
1, 4362 
1, 4363 
1, 4364 
1, 4365 
1, 4366 
1, 4366 
1, 4367 
1, 4368 
1, 4369 
1, 4369 
1, 4370 
-49, 4371 
3, 4378 
3, 4379 
3, 4380 
3, 4380 
3, 4381 
3, 4382 
3, 4383 
3, 4383 
3, 4384 
3, 4385 
3, 4386 
3, 4386 
3, 4387 
3, 4388 
3, 4389 
3, 4390 
3, 4390 
3, 4391 
3, 4392 
3, 4393 
3, 4394 
3, 4394 
3, 4395 
3, 4396 
3, 4397 
3, 4398 
3, 4398 
3, 4399 
3, 4400 
3, 4401 
3, 4402 
3, 4402 
3, 4403 
3, 4404 
3, 4405 
3, 4405 
3, 4406 
3, 4407 
3, 4408 
3, 4408 
3, 4409 
3, 4410 
3, 4411 
1, 4411 
1, 4412 
1, 4417 
1, 4418 
1, 4419 
1, 4420 
1, 4420 
1, 4421 
1, 4422 
1, 4427 
1, 4432 
1, 4433 
1, 4433 
1, 4434 
1, 4435 
1, 4436 
1, 4436 
1, 4437 
1, 4438 
1, 4439 
1, 4440 
1, 4440 
1, 4441 
1, 4442 
1, 4443 
1, 4444 
1, 4444 
1, 4445 
1, 4446 
1, 4447 
1, 4447 
1, 4448 
1, 4449 
1, 4450 
1, 4451 
1, 4451 
1, 4452 
1, 4453 
1, 4454 
1, 4454 
1, 4455 
1, 4456 
1, 4457 
1, 4457 
1, 4458 
1, 4459 
1, 4460 
1, 4461 
1, 4462 
1, 4462 
1, 4463 
1, 4464 
1, 4465 
1, 4466 
1, 4466 
1, 4467 
-49, 4468 
3, 4476 
3, 4476 
3, 4477 
3, 4478 
3, 4479 
3, 4479 
3, 4480 
3, 4485 
3, 4486 
3, 4487 
3, 4488 
3, 4489 
3, 4493 
3, 4494 
3, 4495 
3, 4496 
3, 4496 
3, 4497 
3, 4498 
3, 4499 
3, 4500 
3, 4500 
3, 4501 
3, 4502 
3, 4502 
3, 4503 
3, 4504 
3, 4505 
3, 4505 
3, 4506 
3, 4507 
3, 4508 
3, 4509 
3, 4509 
3, 4510 
3, 4511 
3, 4512 
3, 4512 
3, 4513 
3, 4514 
3, 4515 
3, 4515 
3, 4516 
1, 4517 
1, 4518 
1, 4518 
1, 4523 
1, 4524 
1, 4525 
1, 4526 
1, 4526 
1, 4527 
1, 4528 
1, 4529 
1, 4529 
1, 4530 
1, 4531 
1, 4532 
1, 4533 
1, 4533 
1, 4534 
1, 4539 
1, 4540 
1, 4540 
1, 4541 
1, 4542 
1, 4546 
1, 4546 
-1, 4547 
1, 4548 
1, 4549 
1, 4550 
1, 4551 
1, 4551 
1, 4552 
1, 4553 
1, 4554 
1, 4554 
1, 4555 
1, 4556 
1, 4557 
1, 4558 
1, 4559 
1, 4559 
1, 4560 
1, 4561 
1, 4562 
1, 4563 
1, 4563 
1, 4564 
1, 4565 
1, 4566 
1, 4567 
1, 4567 
1, 4568 
1, 4569 
1, 4570 
1, 4570 
1, 4571 
-49, 4572 
3, 4579 
3, 4580 
3, 4581 
3, 4582 
3, 4582 
3, 4583 
3, 4584 
3, 4584 
3, 4585 
3, 4586 
3, 4587 
3, 4588 
3, 4588 
3, 4589 
3, 4590 
3, 4591 
3, 4592 
3, 4592 
3, 4593 
3, 4594 
3, 4595 
3, 4596 
3, 4600 
3, 4601 
3, 4602 
3, 4603 
3, 4603 
3, 4604 
3, 4605 
3, 4606 
3, 4606 
3, 4607 
3, 4608 
3, 4609 
3, 4610 
3, 4610 
3, 4611 
3, 4612 
3, 4613 
3, 4613 
3, 4614 
3, 4615 
3, 4616 
1, 4616 
1, 4617 
1, 4618 
1, 4619 
1, 4620 
1, 4621 
1, 4621 
1, 4622 
1, 4623 
1, 4624 
1, 4624 
1, 4625 
1, 4626 
1, 4627 
1, 4628 
1, 4628 
1, 4629 
1, 4630 
1, 4631 
1, 4632 
1, 4632 
1, 4633 
1, 4634 
1, 4635 
1, 4635 
1, 4636 
1, 4637 
1, 4638 
1, 4639 
1, 4639 
1, 4640 
1, 4641 
1, 4642 
1, 4642 
1, 4643 
1, 4644 
1, 4645 
1, 4646 
1, 4647 
1, 4647 
1, 4648 
1, 4649 
1, 4650 
1, 4651 
1, 4652 
1, 4652 
1, 4653 
1, 4654 
1, 4655 
1, 4656 
1, 4656 
1, 4657 
1, 4658 
1, 4659 
1, 4660 
1, 4660 
-49, 4661 
3, 4668 
3, 4669 
3, 4670 
3, 4670 
3, 4671 
3, 4672 
3, 4673 
3, 4673 
3, 4674 
3, 4675 
3, 4676 
3, 4676 
3, 4677 
3, 4678 
3, 4679 
3, 4679 
3, 4680 
3, 4681 
3, 4682 
3, 4683 
3, 4683 
3, 4684 
3, 4685 
3, 4685 
3, 4686 
3, 4687 
3, 4688 
3, 4689 
3, 4690 
3, 4690 
3, 4691 
3, 4692 
3, 4693 
3, 4693 
3, 4694 
3, 4695 
3, 4696 
3, 4696 
3, 4697 
3, 4698 
3, 4699 
3, 4700 
3, 4700 
1, 4701 
1, 4702 
1, 4703 
1, 4704 
1, 4704 
1, 4705 
1, 4706 
1, 4707 
1, 4708 
1, 4709 
1, 4709 
1, 4710 
1, 4711 
1, 4712 
1, 4713 
1, 4717 
1, 4718 
1, 4718 
1, 4719 
1, 4720 
1, 4721 
1, 4722 
1, 4722 
1, 4723 
1, 4724 
1, 4725 
1, 4725 
1, 4726 
1, 4727 
1, 4728 
1, 4729 
1, 4729 
1, 4730 
1, 4731 
1, 4732 
1, 4733 
1, 4734 
1, 4734 
1, 4735 
1, 4736 
1, 4737 
1, 4738 
1, 4738 
1, 4739 
1, 4740 
-1, 4741 
1, 4741 
1, 4742 
1, 4743 
1, 4744 
1, 4744 
1, 4745 
1, 4746 
1, 4747 
1, 4748 
1, 4748 
1, 4749 
1, 4750 
-49, 4751 
3, 4758 
3, 4759 
3, 4760 
3, 4760 
3, 4761 
3, 4762 
3, 4763 
3, 4763 
3, 4764 
3, 4765 
3, 4766 
3, 4766 
3, 4767 
3, 4768 
3, 4769 
3, 4769 
3, 4770 
3, 4774 
3, 4775 
3, 4776 
3, 4781 
3, 4782 
3, 4783 
3, 4784 
3, 4784 
3, 4789 
3, 4790 
3, 4791 
3, 4792 
3, 4792 
3, 4793 
3, 4794 
3, 4795 
3, 4795 
3, 4796 
3, 4797 
3, 4798 
3, 4798 
3, 4799 
3, 4800 
3, 4801 
3, 4801 
3, 4802 
1, 4803 
1, 4804 
1, 4804 
1, 4805 
1, 4806 
1, 4807 
1, 4807 
1, 4808 
1, 4809 
1, 4810 
1, 4811 
1, 4811 
1, 4812 
1, 4813 
1, 4814 
1, 4814 
1, 4815 
1, 4816 
1, 4817 
1, 4817 
1, 4818 
1, 4819 
1, 4823 
1, 4823 
1, 4824 
1, 4825 
1, 4826 
1, 4827 
1, 4828 
1, 4829 
1, 4829 
1, 4830 
1, 4831 
1, 4832 
1, 4833 
1, 4834 
1, 4834 
1, 4835 
1, 4836 
1, 4837 
1, 4838 
1, 4838 
1, 4839 
1, 4840 
1, 4841 
1, 4842 
1, 4842 
1, 4843 
1, 4844 
1, 4845 
1, 4846 
1, 4846 
1, 4847 
1, 4848 
1, 4849 
1, 4850 
-49, 4851 
3, 4859 
-1, 4860 
3, 4861 
3, 4861 
3, 4862 
3, 4863 
3, 4864 
