reward, time 
1, 9 
1, 10 
1, 11 
-1, 12 
-1, 13 
-1, 14 
1, 15 
-1, 16 
1, 17 
1, 18 
1, 19 
1, 20 
-1, 21 
-1, 22 
-1, 23 
1, 24 
1, 25 
3, 26 
1, 26 
3, 28 
1, 29 
1, 30 
1, 31 
3, 32 
-1, 33 
1, 34 
-1, 35 
-1, 36 
1, 37 
1, 38 
3, 40 
3, 41 
3, 42 
3, 43 
-1, 44 
3, 45 
1, 46 
-1, 47 
-1, 48 
1, 49 
1, 50 
-1, 51 
1, 52 
-1, 53 
1, 54 
-1, 55 
-1, 56 
-1, 57 
-1, 58 
-1, 59 
-1, 60 
1, 61 
1, 61 
-1, 62 
-1, 63 
-1, 64 
1, 65 
-1, 66 
-1, 67 
1, 68 
-1, 69 
1, 70 
1, 71 
-1, 72 
-1, 73 
1, 74 
1, 75 
1, 76 
-1, 77 
-1, 78 
-1, 79 
1, 80 
1, 80 
-1, 81 
-1, 82 
3, 83 
1, 84 
3, 85 
1, 86 
1, 87 
1, 88 
1, 89 
-1, 90 
-1, 91 
3, 92 
-1, 93 
-1, 94 
-1, 95 
3, 96 
-1, 97 
-1, 98 
1, 99 
-1, 100 
-1, 101 
1, 102 
-1, 103 
1, 104 
3, 105 
1, 106 
-1, 107 
-1, 108 
1, 109 
3, 110 
-1, 111 
1, 112 
1, 114 
1, 114 
1, 116 
-1, 117 
-1, 118 
3, 119 
-1, 120 
1, 121 
1, 122 
-1, 123 
3, 125 
-1, 126 
1, 127 
1, 128 
-1, 129 
-1, 130 
1, 132 
1, 133 
1, 134 
-1, 135 
3, 136 
3, 137 
-1, 138 
-1, 139 
1, 140 
1, 141 
1, 142 
1, 143 
3, 145 
-1, 145 
1, 146 
1, 147 
1, 148 
-1, 149 
1, 150 
1, 151 
3, 153 
-1, 154 
-1, 154 
1, 155 
1, 156 
1, 157 
1, 158 
-1, 159 
-1, 160 
-1, 161 
1, 162 
-1, 163 
1, 164 
-1, 165 
-1, 166 
1, 167 
3, 168 
1, 170 
-1, 171 
1, 172 
1, 173 
-1, 174 
1, 175 
-1, 176 
-1, 176 
-1, 177 
3, 178 
3, 179 
3, 180 
-1, 181 
3, 182 
1, 183 
1, 184 
1, 185 
1, 187 
3, 188 
-1, 189 
-1, 189 
1, 190 
1, 191 
1, 192 
1, 193 
1, 194 
1, 195 
-1, 196 
-1, 197 
1, 198 
1, 199 
-1, 200 
-1, 201 
1, 202 
1, 203 
1, 203 
1, 211 
1, 211 
-1, 212 
1, 213 
-1, 214 
1, 215 
1, 217 
-1, 218 
-1, 219 
-1, 219 
-1, 220 
3, 227 
1, 228 
1, 229 
-1, 231 
-1, 232 
-1, 233 
-1, 234 
-1, 235 
-1, 236 
3, 237 
1, 238 
-1, 239 
-1, 240 
-1, 241 
-1, 242 
1, 243 
-1, 244 
1, 245 
1, 246 
1, 247 
3, 248 
1, 249 
3, 250 
1, 251 
1, 252 
1, 253 
3, 254 
1, 255 
1, 257 
1, 258 
1, 259 
1, 259 
1, 260 
1, 262 
1, 263 
-1, 263 
3, 264 
1, 265 
-1, 266 
-1, 267 
1, 268 
1, 269 
1, 271 
-1, 272 
-1, 273 
1, 274 
-1, 275 
-1, 276 
3, 277 
3, 278 
3, 279 
1, 280 
1, 281 
1, 282 
-1, 283 
1, 284 
1, 285 
-1, 287 
1, 288 
1, 289 
1, 290 
-1, 291 
-1, 292 
1, 293 
1, 294 
1, 295 
1, 296 
3, 298 
1, 299 
1, 300 
-1, 301 
-1, 302 
-1, 303 
-1, 304 
1, 305 
-1, 306 
1, 307 
3, 308 
3, 309 
1, 311 
-1, 312 
1, 313 
-1, 314 
1, 315 
1, 316 
1, 317 
-1, 318 
1, 319 
1, 320 
-1, 321 
1, 322 
-1, 323 
1, 324 
-49, 325 
3, 336 
-1, 337 
1, 338 
3, 339 
3, 340 
3, 341 
-1, 342 
-1, 343 
3, 344 
-1, 345 
3, 346 
3, 347 
-1, 348 
1, 349 
1, 350 
1, 351 
-1, 352 
1, 354 
1, 355 
1, 356 
1, 357 
-1, 359 
3, 360 
1, 361 
3, 362 
1, 363 
3, 365 
1, 366 
-1, 367 
3, 368 
3, 369 
1, 370 
3, 372 
-1, 373 
3, 374 
3, 375 
1, 376 
3, 377 
3, 378 
3, 379 
3, 380 
3, 381 
3, 382 
3, 384 
3, 385 
3, 386 
1, 387 
-1, 388 
3, 389 
1, 397 
3, 398 
-1, 399 
3, 400 
3, 401 
-1, 402 
1, 403 
-1, 405 
-1, 406 
3, 407 
-1, 408 
3, 409 
1, 410 
1, 411 
3, 412 
-1, 414 
-1, 415 
3, 416 
3, 424 
1, 426 
3, 427 
-1, 428 
3, 430 
1, 431 
1, 432 
3, 433 
1, 434 
-1, 435 
1, 436 
1, 437 
3, 438 
3, 440 
-1, 441 
-1, 442 
3, 443 
1, 444 
3, 446 
-1, 447 
3, 448 
3, 450 
-1, 451 
1, 452 
1, 453 
3, 454 
1, 455 
-1, 456 
3, 457 
-1, 458 
1, 460 
1, 460 
1, 461 
3, 463 
1, 464 
3, 465 
3, 466 
3, 467 
-1, 468 
1, 470 
1, 471 
-1, 472 
1, 473 
-1, 474 
3, 475 
1, 476 
1, 477 
3, 478 
1, 479 
-1, 480 
1, 481 
1, 483 
1, 484 
1, 484 
3, 485 
1, 486 
-1, 487 
3, 489 
-1, 489 
1, 490 
3, 491 
3, 493 
-1, 493 
3, 494 
3, 495 
1, 496 
1, 503 
-1, 505 
3, 506 
3, 507 
3, 508 
1, 509 
1, 510 
3, 511 
-1, 512 
3, 514 
1, 515 
-1, 516 
1, 518 
-1, 519 
1, 520 
3, 522 
3, 523 
1, 525 
-1, 526 
3, 528 
1, 530 
3, 531 
3, 533 
-1, 549 
-1, 550 
3, 552 
3, 552 
1, 554 
3, 556 
3, 557 
-1, 559 
1, 560 
1, 562 
-1, 563 
-1, 564 
-1, 566 
1, 567 
-1, 568 
3, 570 
3, 571 
1, 572 
3, 573 
1, 574 
1, 575 
3, 576 
3, 577 
-1, 578 
3, 580 
1, 581 
3, 582 
3, 583 
-1, 585 
1, 586 
3, 593 
1, 594 
3, 595 
3, 596 
3, 597 
1, 599 
3, 600 
-1, 601 
-1, 603 
-1, 604 
3, 605 
1, 606 
-1, 607 
-1, 608 
1, 609 
3, 610 
3, 611 
-1, 613 
1, 614 
-1, 615 
1, 616 
3, 617 
-1, 618 
-1, 619 
-1, 620 
-1, 621 
3, 623 
1, 624 
-1, 625 
3, 626 
3, 627 
1, 628 
1, 629 
-1, 631 
3, 632 
1, 633 
3, 634 
-1, 635 
3, 636 
1, 637 
-1, 638 
3, 639 
1, 640 
1, 641 
1, 642 
-1, 644 
1, 646 
-99, 647 
1, 659 
1, 660 
-1, 662 
1, 663 
-1, 665 
3, 666 
1, 667 
1, 668 
-1, 669 
3, 671 
-1, 672 
-1, 673 
3, 674 
3, 675 
-1, 676 
1, 677 
3, 678 
3, 680 
-1, 681 
-1, 682 
3, 683 
3, 684 
3, 685 
1, 686 
-1, 688 
3, 689 
3, 690 
3, 691 
3, 692 
-1, 694 
3, 695 
3, 696 
-1, 697 
3, 698 
3, 699 
-1, 701 
3, 701 
-1, 702 
1, 703 
3, 705 
3, 706 
3, 707 
1, 707 
1, 709 
3, 710 
3, 711 
1, 712 
3, 713 
1, 714 
3, 716 
3, 717 
-1, 718 
3, 719 
1, 721 
-1, 722 
1, 723 
-1, 723 
-1, 725 
3, 726 
1, 727 
3, 728 
1, 729 
3, 730 
-1, 731 
-47, 733 
3, 742 
3, 743 
3, 745 
-1, 745 
3, 747 
-1, 748 
1, 749 
-1, 750 
3, 751 
1, 753 
3, 754 
3, 755 
3, 756 
3, 758 
-1, 759 
3, 761 
-1, 762 
3, 763 
-1, 764 
1, 765 
3, 766 
3, 767 
3, 768 
3, 769 
3, 770 
3, 772 
3, 773 
1, 775 
1, 776 
-1, 778 
3, 780 
1, 781 
3, 782 
3, 783 
3, 785 
-1, 786 
-1, 788 
1, 790 
1, 791 
3, 792 
3, 793 
3, 794 
3, 795 
3, 796 
1, 798 
-1, 799 
3, 800 
3, 801 
3, 803 
3, 804 
3, 805 
3, 806 
-1, 807 
3, 814 
3, 816 
3, 816 
3, 818 
3, 819 
3, 820 
-1, 822 
-1, 823 
1, 825 
-1, 826 
-1, 827 
3, 829 
-1, 830 
3, 832 
3, 833 
3, 834 
3, 835 
3, 836 
-1, 838 
3, 839 
3, 840 
3, 841 
1, 842 
3, 843 
3, 845 
3, 846 
3, 847 
-1, 848 
3, 857 
-1, 859 
3, 860 
1, 862 
3, 863 
1, 863 
1, 865 
3, 866 
3, 868 
3, 869 
-1, 871 
3, 872 
3, 873 
-1, 875 
-1, 876 
3, 877 
1, 879 
-1, 880 
1, 882 
-1, 882 
3, 883 
3, 885 
3, 886 
3, 887 
3, 888 
-1, 889 
-1, 891 
3, 892 
3, 893 
3, 895 
-1, 896 
3, 897 
3, 898 
3, 899 
3, 901 
3, 902 
3, 903 
3, 904 
1, 905 
3, 906 
1, 908 
-1, 909 
1, 910 
3, 911 
1, 912 
3, 914 
1, 915 
-1, 916 
1, 917 
-1, 918 
3, 920 
1, 921 
1, 922 
3, 923 
3, 924 
-1, 926 
1, 927 
3, 929 
3, 930 
3, 931 
1, 932 
3, 934 
3, 935 
3, 936 
1, 937 
-1, 938 
3, 940 
1, 941 
3, 942 
3, 944 
3, 945 
1, 946 
-1, 948 
3, 949 
3, 951 
-1, 952 
3, 954 
1, 955 
-1, 957 
3, 959 
12, 971 
3, 972 
3, 973 
3, 974 
1, 975 
1, 976 
-1, 977 
1, 978 
1, 979 
1, 980 
1, 981 
1, 983 
1, 984 
1, 985 
1, 986 
1, 987 
1, 988 
-1, 990 
-1, 991 
1, 992 
1, 993 
1, 994 
1, 996 
12, 999 
312, 1003 
10, 1017 
-99, 1019 
10, 1027 
14, 1030 
12, 1034 
14, 1038 
14, 1041 
14, 1044 
14, 1046 
14, 1049 
14, 1052 
14, 1054 
14, 1057 
14, 1060 
14, 1063 
14, 1066 
10, 1068 
12, 1071 
14, 1074 
14, 1077 
14, 1079 
14, 1082 
12, 1085 
14, 1088 
14, 1090 
14, 1093 
12, 1096 
14, 1099 
14, 1102 
14, 1105 
12, 1107 
14, 1110 
12, 1113 
14, 1117 
14, 1120 
14, 1122 
14, 1124 
14, 1127 
14, 1129 
14, 1131 
14, 1133 
14, 1136 
10, 1138 
12, 1141 
14, 1144 
14, 1147 
14, 1149 
14, 1152 
14, 1155 
14, 1157 
14, 1159 
14, 1162 
10, 1164 
14, 1167 
14, 1170 
12, 1172 
14, 1175 
12, 1178 
14, 1181 
14, 1184 
14, 1187 
14, 1189 
14, 1192 
12, 1195 
12, 1198 
14, 1201 
14, 1203 
14, 1206 
10, 1209 
14, 1211 
14, 1215 
14, 1218 
14, 1221 
10, 1225 
14, 1227 
14, 1229 
10, 1233 
14, 1237 
14, 1240 
14, 1243 
14, 1247 
12, 1250 
14, 1252 
14, 1254 
10, 1258 
14, 1260 
14, 1263 
10, 1266 
10, 1269 
14, 1271 
10, 1274 
14, 1278 
14, 1281 
14, 1284 
12, 1287 
12, 1290 
14, 1294 
14, 1296 
14, 1299 
10, 1302 
14, 1305 
14, 1308 
12, 1311 
14, 1314 
14, 1317 
14, 1320 
14, 1323 
14, 1326 
14, 1329 
12, 1332 
14, 1336 
12, 1338 
-36, 1342 
14, 1351 
14, 1353 
14, 1356 
14, 1359 
12, 1362 
14, 1365 
14, 1367 
14, 1370 
14, 1373 
14, 1375 
14, 1378 
14, 1381 
14, 1384 
14, 1387 
14, 1390 
14, 1393 
14, 1396 
14, 1399 
14, 1401 
14, 1403 
14, 1406 
14, 1408 
12, 1411 
14, 1414 
14, 1417 
14, 1419 
12, 1421 
14, 1424 
14, 1427 
14, 1429 
12, 1433 
14, 1435 
14, 1438 
14, 1441 
14, 1444 
14, 1446 
14, 1448 
14, 1451 
14, 1454 
10, 1456 
12, 1459 
14, 1461 
14, 1464 
14, 1468 
12, 1471 
14, 1473 
14, 1476 
14, 1478 
14, 1480 
14, 1483 
14, 1485 
14, 1488 
14, 1491 
14, 1494 
14, 1496 
14, 1499 
14, 1501 
14, 1504 
3, 1510 
3, 1512 
3, 1513 
-1, 1514 
3, 1515 
3, 1516 
3, 1517 
3, 1518 
3, 1520 
1, 1520 
3, 1521 
1, 1522 
3, 1523 
3, 1524 
3, 1526 
3, 1527 
3, 1528 
-1, 1529 
3, 1531 
3, 1532 
3, 1539 
3, 1540 
3, 1542 
3, 1542 
1, 1543 
3, 1545 
3, 1546 
3, 1547 
3, 1548 
3, 1549 
3, 1550 
3, 1551 
3, 1552 
3, 1553 
3, 1554 
1, 1555 
3, 1556 
1, 1557 
3, 1558 
3, 1559 
3, 1561 
3, 1562 
3, 1563 
1, 1564 
1, 1565 
3, 1566 
3, 1567 
3, 1568 
1, 1569 
3, 1570 
1, 1571 
3, 1573 
3, 1574 
3, 1576 
-1, 1577 
3, 1578 
3, 1580 
3, 1581 
3, 1582 
3, 1583 
3, 1584 
-1, 1585 
3, 1586 
1, 1587 
1, 1588 
1, 1589 
1, 1590 
1, 1591 
1, 1593 
1, 1593 
1, 1595 
1, 1596 
1, 1597 
1, 1598 
-1, 1599 
-1, 1600 
1, 1601 
-1, 1602 
-1, 1603 
1, 1604 
-99, 1605 
1, 1616 
3, 1617 
3, 1618 
3, 1619 
3, 1620 
3, 1621 
3, 1622 
3, 1623 
3, 1624 
3, 1625 
3, 1626 
3, 1627 
3, 1628 
1, 1629 
3, 1630 
3, 1631 
3, 1632 
1, 1634 
3, 1635 
3, 1636 
3, 1637 
3, 1638 
3, 1639 
3, 1640 
3, 1641 
3, 1642 
3, 1643 
3, 1644 
3, 1645 
3, 1647 
3, 1647 
3, 1649 
3, 1650 
3, 1651 
3, 1652 
1, 1653 
3, 1654 
3, 1655 
3, 1656 
3, 1657 
3, 1658 
1, 1659 
3, 1666 
3, 1667 
3, 1668 
3, 1670 
3, 1671 
3, 1672 
3, 1673 
3, 1673 
3, 1675 
3, 1676 
3, 1677 
3, 1678 
3, 1679 
3, 1680 
3, 1681 
3, 1682 
3, 1683 
3, 1684 
3, 1685 
3, 1686 
3, 1688 
3, 1689 
3, 1690 
3, 1691 
-1, 1692 
3, 1693 
3, 1694 
3, 1695 
3, 1696 
3, 1697 
3, 1698 
3, 1699 
3, 1700 
3, 1701 
3, 1702 
3, 1703 
3, 1704 
3, 1705 
3, 1706 
3, 1707 
3, 1708 
3, 1709 
-1, 1710 
3, 1712 
1, 1713 
3, 1714 
3, 1715 
3, 1716 
3, 1717 
3, 1718 
3, 1719 
1, 1720 
3, 1721 
3, 1722 
3, 1723 
1, 1724 
3, 1726 
14, 1732 
14, 1734 
14, 1737 
14, 1741 
14, 1743 
14, 1745 
14, 1748 
14, 1751 
14, 1753 
14, 1755 
14, 1758 
14, 1761 
14, 1763 
14, 1766 
12, 1768 
14, 1770 
14, 1772 
10, 1775 
12, 1778 
10, 1780 
12, 1783 
12, 1786 
12, 1788 
12, 1791 
10, 1794 
12, 1796 
12, 1799 
10, 1802 
12, 1805 
12, 1807 
12, 1810 
12, 1812 
12, 1815 
12, 1818 
-99, 1819 
10, 1829 
14, 1831 
14, 1834 
14, 1837 
14, 1840 
14, 1844 
14, 1846 
14, 1854 
14, 1858 
14, 1861 
14, 1864 
14, 1867 
14, 1869 
14, 1871 
14, 1874 
14, 1877 
14, 1880 
14, 1883 
14, 1892 
14, 1894 
14, 1897 
14, 1899 
14, 1901 
14, 1904 
14, 1907 
-36, 1910 
14, 1919 
14, 1921 
14, 1924 
14, 1927 
14, 1930 
14, 1932 
14, 1935 
14, 1938 
14, 1940 
14, 1943 
14, 1946 
14, 1949 
14, 1951 
14, 1954 
14, 1958 
14, 1961 
14, 1964 
14, 1966 
14, 1969 
14, 1970 
14, 1973 
14, 1975 
14, 1978 
14, 1981 
14, 1984 
14, 1987 
14, 1989 
14, 1992 
14, 1995 
14, 1998 
14, 2000 
14, 2003 
14, 2007 
14, 2009 
14, 2012 
14, 2015 
14, 2018 
14, 2020 
14, 2024 
14, 2027 
14, 2029 
14, 2031 
14, 2034 
14, 2037 
14, 2039 
14, 2041 
14, 2044 
14, 2047 
14, 2049 
12, 2052 
14, 2055 
14, 2057 
14, 2059 
14, 2062 
14, 2065 
14, 2067 
14, 2070 
14, 2073 
14, 2076 
14, 2079 
14, 2082 
14, 2084 
14, 2087 
14, 2089 
14, 2091 
14, 2094 
14, 2097 
14, 2100 
14, 2102 
14, 2106 
14, 2109 
14, 2111 
10, 2113 
14, 2115 
14, 2118 
14, 2121 
14, 2124 
14, 2128 
14, 2130 
14, 2133 
14, 2136 
14, 2139 
14, 2143 
14, 2145 
14, 2149 
14, 2151 
14, 2154 
14, 2157 
14, 2160 
10, 2163 
14, 2165 
14, 2168 
14, 2170 
14, 2173 
14, 2175 
14, 2178 
14, 2180 
14, 2184 
14, 2186 
14, 2188 
14, 2191 
14, 2194 
14, 2197 
14, 2200 
14, 2202 
14, 2205 
14, 2207 
14, 2209 
12, 2212 
12, 2215 
12, 2217 
12, 2220 
12, 2223 
12, 2225 
12, 2228 
12, 2231 
12, 2233 
12, 2236 
12, 2239 
12, 2243 
12, 2245 
12, 2247 
-99, 2248 
12, 2257 
14, 2259 
14, 2262 
14, 2264 
14, 2266 
14, 2269 
14, 2271 
14, 2273 
14, 2276 
14, 2279 
14, 2281 
14, 2284 
14, 2286 
14, 2288 
14, 2290 
14, 2293 
14, 2295 
14, 2297 
14, 2307 
14, 2310 
14, 2311 
14, 2314 
14, 2317 
14, 2319 
14, 2321 
14, 2324 
14, 2326 
14, 2328 
14, 2331 
14, 2333 
14, 2335 
14, 2338 
14, 2341 
14, 2343 
14, 2345 
14, 2348 
14, 2350 
12, 2353 
14, 2355 
14, 2358 
14, 2361 
-97, 2364 
14, 2375 
14, 2378 
14, 2380 
14, 2383 
14, 2386 
14, 2390 
14, 2392 
14, 2395 
14, 2396 
14, 2399 
14, 2401 
14, 2404 
14, 2406 
14, 2409 
14, 2412 
14, 2414 
14, 2417 
14, 2420 
14, 2422 
14, 2425 
14, 2427 
14, 2429 
14, 2431 
14, 2434 
14, 2437 
14, 2439 
14, 2442 
114, 2444 
14, 2446 
14, 2449 
14, 2452 
10, 2454 
14, 2457 
14, 2459 
14, 2462 
14, 2464 
14, 2467 
14, 2470 
14, 2473 
14, 2474 
14, 2477 
14, 2480 
14, 2483 
14, 2485 
14, 2487 
14, 2490 
14, 2492 
14, 2495 
14, 2497 
14, 2499 
14, 2502 
14, 2504 
14, 2508 
14, 2510 
14, 2513 
14, 2515 
14, 2518 
14, 2520 
14, 2523 
14, 2526 
14, 2529 
14, 2531 
14, 2534 
14, 2537 
14, 2540 
14, 2542 
14, 2544 
14, 2546 
14, 2549 
14, 2551 
14, 2553 
14, 2556 
14, 2559 
14, 2562 
14, 2565 
14, 2568 
14, 2570 
14, 2572 
14, 2574 
14, 2576 
14, 2578 
14, 2580 
14, 2583 
14, 2586 
14, 2588 
14, 2590 
14, 2592 
14, 2594 
14, 2596 
14, 2598 
14, 2601 
14, 2603 
14, 2606 
14, 2608 
14, 2611 
14, 2614 
14, 2616 
14, 2619 
14, 2621 
14, 2624 
14, 2627 
14, 2629 
14, 2631 
14, 2634 
14, 2637 
14, 2639 
14, 2642 
12, 2645 
12, 2647 
12, 2650 
12, 2653 
12, 2656 
12, 2663 
1, 2663 
1, 2664 
1, 2665 
1, 2666 
1, 2667 
1, 2668 
1, 2669 
12, 2674 
-99, 2680 
3, 2688 
3, 2689 
3, 2690 
3, 2691 
3, 2692 
3, 2693 
3, 2694 
3, 2695 
3, 2696 
3, 2697 
3, 2698 
-47, 2699 
3, 2707 
3, 2708 
3, 2709 
3, 2709 
3, 2710 
3, 2711 
3, 2712 
3, 2713 
3, 2714 
3, 2715 
3, 2716 
3, 2717 
3, 2718 
3, 2719 
3, 2720 
3, 2721 
3, 2727 
3, 2728 
3, 2729 
3, 2730 
3, 2731 
3, 2732 
3, 2733 
3, 2733 
3, 2734 
3, 2741 
3, 2742 
3, 2743 
3, 2744 
3, 2745 
3, 2746 
3, 2747 
3, 2748 
3, 2749 
3, 2750 
3, 2751 
3, 2752 
3, 2753 
3, 2753 
3, 2754 
3, 2755 
3, 2756 
3, 2757 
3, 2758 
3, 2759 
3, 2760 
3, 2761 
3, 2762 
3, 2763 
3, 2764 
3, 2765 
3, 2766 
3, 2767 
3, 2767 
3, 2768 
3, 2769 
3, 2770 
3, 2771 
3, 2772 
3, 2773 
3, 2774 
3, 2780 
3, 2781 
3, 2782 
3, 2783 
3, 2784 
3, 2785 
3, 2786 
3, 2787 
3, 2787 
3, 2788 
3, 2789 
3, 2791 
3, 2792 
3, 2793 
3, 2794 
3, 2795 
3, 2797 
3, 2797 
3, 2798 
3, 2799 
3, 2800 
3, 2802 
3, 2803 
3, 2804 
3, 2805 
3, 2806 
3, 2807 
3, 2808 
3, 2809 
3, 2810 
3, 2811 
3, 2812 
3, 2813 
3, 2814 
3, 2815 
3, 2817 
3, 2818 
3, 2819 
3, 2820 
3, 2821 
3, 2823 
3, 2824 
3, 2825 
3, 2825 
3, 2826 
1, 2827 
1, 2828 
1, 2829 
1, 2830 
1, 2831 
1, 2832 
1, 2833 
1, 2834 
1, 2835 
1, 2837 
1, 2838 
1, 2839 
1, 2840 
-99, 2841 
3, 2850 
3, 2851 
3, 2852 
3, 2853 
3, 2853 
3, 2855 
3, 2855 
3, 2856 
3, 2857 
3, 2858 
3, 2859 
3, 2860 
3, 2861 
3, 2862 
3, 2863 
3, 2864 
3, 2865 
3, 2866 
3, 2867 
3, 2868 
3, 2869 
1, 2870 
3, 2871 
3, 2872 
3, 2873 
3, 2874 
3, 2875 
3, 2876 
3, 2877 
3, 2878 
3, 2879 
3, 2880 
3, 2881 
3, 2882 
3, 2883 
3, 2884 
3, 2885 
3, 2886 
3, 2887 
3, 2888 
3, 2889 
3, 2890 
3, 2891 
3, 2892 
3, 2893 
3, 2894 
3, 2895 
3, 2896 
3, 2897 
3, 2898 
3, 2899 
3, 2900 
3, 2901 
3, 2902 
3, 2903 
3, 2904 
3, 2905 
3, 2905 
3, 2906 
3, 2907 
3, 2909 
3, 2910 
3, 2911 
3, 2912 
3, 2913 
3, 2914 
3, 2915 
3, 2916 
3, 2916 
3, 2917 
3, 2919 
3, 2920 
3, 2921 
3, 2921 
3, 2922 
3, 2924 
3, 2925 
3, 2926 
3, 2927 
3, 2928 
3, 2929 
3, 2930 
3, 2930 
3, 2931 
3, 2932 
3, 2933 
3, 2934 
3, 2935 
3, 2936 
3, 2937 
3, 2938 
3, 2946 
3, 2947 
3, 2948 
3, 2949 
3, 2951 
3, 2952 
3, 2953 
3, 2954 
3, 2956 
