reward, time 
1, 28 
-1, 29 
1, 29 
3, 30 
1, 31 
3, 32 
1, 32 
3, 33 
1, 34 
1, 35 
1, 35 
-1, 36 
-1, 37 
1, 38 
-1, 38 
1, 39 
-1, 40 
-1, 40 
3, 41 
-1, 42 
-1, 43 
1, 43 
-1, 44 
-1, 45 
1, 45 
-1, 46 
3, 47 
1, 48 
-1, 49 
-1, 49 
-1, 50 
-1, 51 
3, 51 
-1, 52 
-1, 53 
1, 53 
-1, 54 
-1, 54 
1, 55 
-1, 56 
1, 57 
-1, 57 
3, 58 
-1, 59 
3, 59 
-1, 60 
-1, 60 
-1, 61 
1, 62 
3, 63 
-1, 63 
1, 64 
1, 65 
1, 66 
1, 66 
-1, 67 
-1, 68 
1, 68 
1, 69 
-1, 70 
1, 71 
1, 71 
1, 72 
1, 73 
-1, 73 
1, 74 
-1, 75 
1, 75 
1, 76 
3, 77 
-1, 78 
1, 78 
1, 79 
1, 80 
3, 80 
3, 81 
1, 82 
1, 83 
-1, 83 
-1, 84 
1, 85 
1, 85 
1, 86 
3, 87 
-1, 87 
-1, 88 
-1, 89 
-1, 89 
-1, 90 
1, 91 
3, 92 
-1, 92 
3, 93 
-1, 94 
-1, 94 
1, 95 
1, 96 
-1, 96 
-1, 97 
3, 98 
-1, 98 
1, 99 
3, 100 
1, 101 
-1, 101 
1, 102 
1, 103 
3, 103 
-1, 104 
1, 105 
1, 105 
3, 106 
-1, 107 
1, 108 
1, 108 
1, 109 
1, 110 
-1, 110 
1, 111 
-1, 112 
1, 112 
1, 113 
-1, 114 
-1, 115 
-1, 115 
3, 116 
1, 117 
1, 117 
3, 118 
1, 118 
3, 119 
-1, 120 
1, 121 
1, 121 
-1, 122 
-1, 123 
-1, 123 
1, 124 
-1, 125 
-1, 125 
-1, 126 
1, 127 
-1, 128 
-1, 129 
-1, 129 
1, 130 
1, 130 
-1, 131 
-1, 132 
-1, 132 
-1, 133 
-1, 134 
-1, 134 
-1, 135 
-1, 136 
-1, 136 
-1, 137 
1, 138 
1, 139 
1, 140 
-1, 140 
-1, 141 
-1, 142 
-1, 142 
1, 143 
1, 144 
-1, 144 
-1, 145 
1, 146 
-1, 147 
1, 147 
-1, 148 
1, 149 
-1, 149 
-1, 150 
-1, 151 
1, 151 
-1, 152 
-1, 153 
1, 156 
-1, 157 
1, 158 
-1, 159 
-1, 159 
-1, 160 
1, 161 
1, 162 
1, 163 
-1, 163 
-1, 164 
-1, 165 
-1, 165 
-1, 166 
-1, 167 
-1, 168 
-1, 168 
-1, 169 
-1, 170 
1, 170 
-1, 171 
1, 172 
-1, 173 
-1, 173 
-1, 174 
-1, 175 
-1, 175 
-1, 176 
-1, 176 
-1, 177 
-1, 178 
-1, 179 
1, 179 
1, 180 
1, 181 
1, 182 
-1, 183 
-1, 183 
1, 184 
-1, 185 
-1, 185 
-1, 186 
-1, 187 
1, 188 
1, 188 
-1, 189 
-1, 190 
1, 191 
-1, 192 
-1, 192 
1, 193 
-1, 194 
-1, 195 
1, 195 
-1, 196 
1, 197 
-1, 198 
1, 199 
-1, 200 
-1, 201 
1, 201 
-1, 202 
-1, 203 
1, 204 
-1, 205 
1, 205 
-1, 206 
-1, 207 
-1, 208 
1, 208 
1, 209 
-1, 210 
-1, 211 
-1, 211 
1, 212 
-1, 213 
1, 214 
-1, 214 
1, 215 
1, 216 
-1, 217 
-1, 217 
-1, 218 
1, 219 
-1, 220 
-1, 220 
1, 221 
-1, 222 
-1, 222 
-1, 223 
1, 224 
1, 225 
1, 226 
-1, 226 
-1, 227 
1, 228 
1, 229 
1, 229 
-1, 230 
-1, 231 
-1, 232 
1, 232 
1, 233 
1, 234 
1, 234 
1, 235 
-1, 236 
-1, 237 
-1, 237 
-1, 238 
-1, 239 
-1, 239 
1, 240 
-1, 241 
-1, 242 
1, 242 
-1, 243 
-1, 244 
1, 244 
-51, 245 
-1, 252 
-1, 253 
3, 257 
-1, 257 
1, 258 
-1, 259 
3, 260 
1, 260 
3, 261 
3, 262 
1, 263 
1, 263 
3, 264 
1, 265 
1, 265 
1, 266 
3, 267 
1, 268 
1, 268 
-1, 269 
3, 270 
1, 270 
1, 271 
-1, 272 
3, 273 
1, 273 
3, 274 
-1, 275 
-1, 275 
1, 276 
-1, 277 
1, 277 
3, 278 
3, 279 
1, 280 
3, 281 
3, 281 
3, 282 
1, 283 
-1, 283 
3, 284 
3, 284 
3, 285 
-1, 286 
1, 286 
1, 287 
-1, 288 
3, 289 
1, 289 
1, 290 
1, 291 
3, 292 
3, 292 
-1, 293 
3, 294 
1, 295 
-1, 295 
3, 296 
1, 297 
1, 298 
-1, 299 
3, 299 
1, 300 
3, 301 
3, 302 
1, 302 
1, 303 
1, 304 
3, 304 
1, 305 
3, 306 
1, 307 
1, 307 
3, 308 
3, 309 
3, 309 
1, 313 
1, 314 
1, 314 
1, 315 
1, 315 
-1, 319 
1, 320 
1, 320 
1, 321 
1, 322 
1, 322 
1, 323 
-1, 324 
1, 324 
-1, 325 
1, 326 
1, 326 
-1, 327 
-1, 328 
-1, 329 
1, 329 
-1, 330 
1, 331 
1, 331 
1, 332 
-1, 333 
1, 337 
1, 338 
1, 338 
1, 339 
1, 340 
1, 340 
-1, 341 
1, 341 
-1, 342 
-1, 343 
1, 344 
1, 344 
1, 345 
-1, 346 
1, 347 
1, 347 
1, 348 
-1, 348 
1, 349 
-1, 350 
-1, 351 
12, 357 
1, 358 
1, 359 
-1, 359 
-1, 360 
1, 361 
1, 362 
1, 363 
1, 363 
1, 364 
10, 366 
-9, 366 
-1, 394 
3, 395 
3, 396 
3, 396 
1, 397 
3, 398 
3, 399 
-1, 399 
3, 400 
3, 401 
3, 401 
-1, 402 
3, 403 
3, 403 
3, 404 
3, 405 
3, 405 
3, 406 
3, 407 
3, 408 
3, 408 
1, 409 
1, 409 
3, 410 
3, 411 
3, 412 
3, 412 
-1, 413 
3, 414 
1, 414 
-1, 415 
3, 416 
3, 416 
3, 417 
1, 418 
1, 419 
3, 419 
1, 420 
1, 421 
1, 421 
-1, 422 
-1, 422 
1, 423 
3, 424 
1, 424 
1, 425 
3, 426 
-1, 427 
1, 427 
-1, 428 
1, 429 
1, 429 
1, 430 
3, 431 
3, 435 
1, 435 
3, 436 
-1, 437 
1, 437 
1, 438 
-1, 438 
3, 439 
3, 440 
3, 440 
-1, 441 
3, 442 
3, 442 
1, 443 
3, 447 
1, 447 
3, 448 
3, 449 
1, 449 
1, 450 
1, 451 
1, 451 
1, 452 
1, 453 
1, 453 
1, 454 
-1, 455 
1, 456 
1, 456 
1, 457 
1, 458 
1, 459 
1, 459 
-1, 460 
-1, 461 
1, 462 
-1, 462 
1, 463 
-1, 464 
-1, 464 
-1, 465 
1, 466 
1, 467 
1, 467 
-1, 468 
1, 469 
-1, 470 
-1, 470 
1, 471 
1, 472 
-1, 472 
1, 473 
-1, 474 
1, 474 
-9, 475 
-1, 502 
1, 503 
1, 503 
3, 504 
1, 505 
1, 505 
3, 506 
3, 507 
3, 508 
1, 509 
3, 509 
3, 510 
3, 510 
3, 511 
3, 512 
-1, 513 
3, 513 
1, 514 
3, 515 
-1, 515 
3, 516 
3, 517 
3, 517 
1, 518 
3, 519 
3, 520 
-1, 521 
3, 522 
3, 523 
3, 523 
1, 524 
3, 525 
3, 526 
-1, 526 
3, 527 
3, 528 
3, 529 
-1, 529 
3, 530 
1, 531 
1, 531 
3, 532 
3, 533 
3, 534 
3, 534 
3, 535 
1, 535 
1, 536 
3, 537 
3, 538 
-1, 539 
3, 539 
1, 540 
1, 541 
-47, 542 
3, 547 
3, 548 
-1, 548 
3, 549 
3, 550 
1, 551 
3, 551 
3, 552 
-1, 553 
3, 553 
3, 554 
3, 555 
3, 555 
3, 556 
3, 557 
3, 557 
-1, 558 
3, 559 
-1, 560 
3, 560 
1, 561 
1, 562 
3, 563 
1, 563 
1, 564 
3, 565 
-1, 565 
3, 566 
3, 567 
3, 567 
3, 568 
3, 569 
3, 570 
3, 570 
3, 571 
3, 572 
3, 573 
1, 574 
3, 574 
1, 575 
3, 576 
1, 576 
3, 577 
3, 578 
-1, 578 
1, 579 
-1, 580 
3, 581 
1, 581 
3, 582 
3, 582 
3, 583 
3, 584 
3, 585 
-1, 585 
1, 586 
-1, 587 
1, 587 
1, 588 
1, 589 
1, 590 
1, 590 
-1, 591 
-1, 592 
-1, 593 
1, 593 
1, 594 
1, 595 
1, 595 
1, 596 
-1, 597 
1, 598 
1, 598 
1, 599 
1, 600 
1, 601 
1, 601 
1, 602 
1, 603 
1, 603 
1, 604 
12, 607 
-9, 608 
-1, 636 
-1, 636 
-1, 637 
3, 638 
3, 639 
3, 639 
3, 640 
3, 641 
3, 641 
3, 642 
3, 643 
3, 644 
3, 644 
3, 645 
3, 646 
3, 646 
3, 647 
3, 648 
3, 649 
3, 649 
3, 653 
3, 654 
3, 654 
3, 655 
3, 656 
3, 657 
3, 657 
-1, 658 
3, 659 
3, 660 
3, 660 
3, 661 
3, 662 
3, 663 
3, 663 
3, 664 
3, 665 
3, 665 
3, 666 
-1, 667 
3, 667 
1, 668 
3, 669 
3, 670 
3, 670 
-1, 671 
3, 672 
1, 673 
-1, 673 
3, 674 
3, 675 
3, 676 
1, 676 
3, 677 
1, 678 
1, 679 
1, 679 
-1, 680 
1, 681 
1, 682 
1, 682 
1, 683 
-1, 684 
1, 684 
-1, 685 
-1, 686 
1, 687 
1, 687 
1, 688 
1, 689 
1, 690 
1, 691 
-1, 691 
-9, 692 
-1, 723 
3, 724 
3, 725 
3, 726 
3, 727 
3, 727 
3, 728 
1, 729 
3, 730 
3, 731 
3, 731 
3, 732 
1, 733 
3, 734 
-1, 738 
3, 739 
3, 740 
3, 741 
3, 742 
3, 746 
3, 747 
3, 747 
3, 748 
3, 749 
3, 750 
3, 750 
3, 754 
3, 755 
3, 755 
3, 756 
3, 757 
1, 758 
3, 759 
3, 759 
3, 760 
3, 761 
3, 762 
-1, 762 
3, 763 
3, 764 
3, 765 
3, 765 
3, 766 
3, 767 
3, 768 
3, 768 
3, 769 
1, 770 
3, 771 
1, 771 
-1, 772 
1, 773 
1, 774 
1, 774 
1, 775 
-1, 776 
1, 777 
1, 778 
1, 778 
1, 779 
1, 780 
1, 781 
1, 781 
-9, 782 
-1, 808 
3, 809 
3, 810 
3, 811 
3, 811 
3, 812 
3, 813 
3, 814 
3, 814 
3, 815 
3, 816 
3, 816 
3, 817 
3, 818 
3, 819 
3, 819 
3, 820 
3, 821 
3, 822 
1, 822 
1, 823 
3, 824 
3, 825 
3, 825 
3, 826 
3, 827 
3, 828 
3, 828 
3, 829 
3, 833 
3, 833 
3, 834 
3, 835 
3, 836 
3, 839 
3, 840 
3, 841 
3, 842 
3, 842 
3, 843 
3, 844 
3, 845 
3, 845 
3, 846 
1, 847 
1, 848 
1, 849 
1, 849 
1, 850 
1, 851 
1, 851 
1, 852 
-1, 853 
1, 853 
-1, 854 
1, 855 
1, 855 
1, 856 
1, 857 
1, 857 
110, 859 
-9, 860 
-1, 887 
3, 891 
3, 891 
3, 892 
3, 893 
3, 894 
3, 894 
3, 895 
3, 896 
3, 896 
3, 897 
3, 898 
3, 898 
3, 899 
3, 900 
-47, 901 
3, 918 
3, 919 
3, 920 
3, 921 
3, 921 
3, 922 
3, 923 
3, 924 
3, 924 
3, 925 
3, 926 
3, 926 
3, 927 
3, 928 
3, 928 
3, 929 
3, 930 
3, 931 
3, 931 
3, 932 
3, 933 
3, 933 
3, 934 
3, 935 
3, 936 
3, 936 
3, 937 
3, 938 
3, 938 
3, 939 
3, 940 
3, 941 
3, 941 
3, 942 
3, 943 
3, 944 
3, 944 
3, 945 
3, 946 
3, 946 
3, 947 
1, 948 
1, 949 
1, 949 
1, 950 
1, 951 
1, 952 
1, 952 
1, 953 
1, 954 
1, 954 
1, 955 
1, 956 
-9, 957 
-1, 984 
3, 985 
3, 985 
3, 986 
3, 987 
3, 991 
3, 991 
3, 992 
3, 993 
3, 993 
3, 994 
3, 995 
3, 996 
3, 996 
3, 997 
3, 998 
3, 998 
3, 999 
3, 1000 
3, 1001 
3, 1001 
3, 1002 
3, 1003 
3, 1004 
3, 1004 
3, 1005 
3, 1006 
3, 1007 
3, 1008 
3, 1008 
3, 1009 
3, 1010 
3, 1011 
3, 1011 
3, 1012 
3, 1013 
3, 1013 
3, 1014 
3, 1015 
3, 1016 
3, 1016 
3, 1017 
3, 1018 
1, 1018 
1, 1019 
1, 1020 
1, 1021 
1, 1021 
1, 1022 
1, 1023 
1, 1023 
1, 1024 
1, 1025 
1, 1026 
-9, 1026 
-1, 1052 
3, 1053 
3, 1054 
3, 1055 
3, 1055 
3, 1056 
3, 1057 
3, 1058 
3, 1058 
3, 1059 
3, 1060 
3, 1061 
3, 1061 
3, 1062 
3, 1063 
3, 1064 
3, 1064 
3, 1065 
3, 1066 
3, 1067 
3, 1067 
3, 1068 
3, 1069 
3, 1070 
3, 1070 
3, 1071 
3, 1072 
3, 1073 
3, 1074 
3, 1074 
3, 1075 
-7, 1079 
3, 1085 
3, 1086 
3, 1086 
3, 1087 
3, 1088 
3, 1089 
3, 1089 
3, 1090 
3, 1091 
3, 1091 
3, 1092 
3, 1099 
3, 1100 
3, 1101 
3, 1102 
-7, 1103 
3, 1113 
3, 1114 
3, 1114 
3, 1115 
3, 1116 
3, 1117 
3, 1117 
3, 1118 
3, 1119 
3, 1119 
3, 1120 
3, 1121 
3, 1122 
3, 1123 
3, 1123 
-1, 1124 
3, 1125 
3, 1126 
3, 1127 
3, 1127 
3, 1128 
3, 1129 
3, 1130 
3, 1131 
3, 1132 
3, 1132 
3, 1133 
3, 1134 
3, 1134 
3, 1135 
3, 1136 
3, 1137 
3, 1137 
3, 1138 
3, 1139 
3, 1139 
3, 1140 
3, 1141 
3, 1142 
3, 1143 
3, 1143 
3, 1144 
1, 1145 
1, 1146 
1, 1146 
1, 1147 
1, 1148 
1, 1149 
1, 1149 
1, 1150 
1, 1151 
1, 1152 
1, 1152 
1, 1153 
-9, 1154 
-1, 1179 
3, 1184 
3, 1185 
3, 1185 
3, 1186 
3, 1187 
3, 1188 
-1, 1189 
3, 1190 
3, 1191 
3, 1192 
3, 1192 
3, 1193 
3, 1194 
3, 1195 
3, 1195 
3, 1196 
3, 1197 
3, 1197 
3, 1198 
3, 1199 
3, 1200 
3, 1201 
3, 1201 
3, 1202 
3, 1203 
3, 1204 
3, 1204 
14, 1210 
3, 1210 
3, 1211 
3, 1212 
3, 1213 
3, 1214 
3, 1214 
3, 1215 
3, 1216 
3, 1216 
3, 1217 
3, 1218 
3, 1219 
3, 1219 
3, 1220 
1, 1221 
1, 1222 
1, 1222 
1, 1223 
1, 1224 
1, 1224 
1, 1225 
1, 1226 
1, 1227 
1, 1227 
1, 1228 
1, 1229 
-9, 1230 
-1, 1257 
3, 1257 
3, 1258 
3, 1259 
3, 1260 
3, 1261 
3, 1261 
3, 1262 
3, 1263 
3, 1263 
3, 1264 
3, 1265 
3, 1266 
3, 1266 
3, 1267 
3, 1268 
3, 1269 
3, 1269 
3, 1270 
3, 1270 
3, 1271 
3, 1272 
3, 1273 
3, 1274 
3, 1275 
3, 1275 
3, 1276 
3, 1277 
3, 1278 
3, 1278 
-47, 1279 
3, 1284 
3, 1285 
3, 1286 
3, 1286 
3, 1287 
3, 1288 
3, 1288 
3, 1290 
3, 1290 
3, 1291 
3, 1292 
3, 1292 
3, 1293 
3, 1294 
3, 1295 
3, 1295 
3, 1296 
3, 1297 
3, 1298 
3, 1298 
3, 1299 
3, 1300 
3, 1301 
3, 1301 
3, 1302 
3, 1303 
3, 1304 
3, 1304 
3, 1305 
3, 1306 
3, 1307 
3, 1307 
3, 1308 
3, 1309 
3, 1309 
3, 1310 
3, 1311 
3, 1312 
3, 1312 
3, 1313 
3, 1314 
1, 1315 
1, 1315 
1, 1316 
1, 1320 
1, 1320 
1, 1321 
1, 1322 
1, 1323 
1, 1324 
1, 1325 
1, 1325 
1, 1326 
-9, 1327 
10, 1351 
14, 1352 
14, 1354 
14, 1355 
14, 1357 
14, 1359 
14, 1361 
14, 1362 
14, 1364 
14, 1365 
14, 1367 
14, 1369 
14, 1370 
14, 1372 
14, 1374 
14, 1376 
14, 1377 
14, 1379 
14, 1381 
14, 1382 
14, 1383 
14, 1385 
14, 1387 
14, 1389 
14, 1390 
14, 1391 
14, 1393 
14, 1395 
14, 1397 
14, 1398 
14, 1400 
14, 1401 
14, 1403 
14, 1404 
14, 1406 
14, 1408 
14, 1410 
14, 1411 
14, 1412 
14, 1414 
14, 1416 
14, 1418 
12, 1420 
12, 1421 
12, 1423 
12, 1425 
12, 1426 
12, 1428 
12, 1429 
12, 1431 
12, 1433 
12, 1434 
12, 1436 
12, 1437 
12, 1438 
12, 1440 
12, 1442 
12, 1443 
12, 1445 
12, 1447 
12, 1449 
12, 1450 
12, 1452 
12, 1454 
12, 1455 
12, 1457 
12, 1459 
12, 1460 
12, 1462 
12, 1463 
12, 1465 
12, 1466 
12, 1468 
12, 1470 
12, 1472 
12, 1474 
12, 1475 
12, 1477 
12, 1478 
10, 1480 
12, 1482 
12, 1484 
12, 1485 
12, 1487 
12, 1489 
12, 1491 
12, 1492 
12, 1494 
12, 1496 
12, 1497 
12, 1499 
12, 1501 
12, 1503 
12, 1504 
12, 1506 
12, 1509 
12, 1510 
12, 1512 
12, 1513 
12, 1515 
-38, 1518 
14, 1536 
14, 1537 
14, 1539 
14, 1540 
14, 1542 
14, 1544 
14, 1545 
14, 1547 
14, 1549 
14, 1551 
14, 1552 
14, 1553 
14, 1556 
14, 1557 
14, 1559 
14, 1560 
14, 1562 
14, 1564 
14, 1565 
14, 1567 
14, 1568 
14, 1570 
14, 1571 
12, 1573 
14, 1576 
14, 1578 
14, 1579 
14, 1581 
14, 1583 
14, 1585 
14, 1586 
14, 1588 
14, 1590 
14, 1591 
14, 1593 
14, 1594 
14, 1596 
14, 1598 
14, 1599 
14, 1601 
14, 1603 
14, 1604 
12, 1606 
12, 1607 
12, 1609 
12, 1611 
12, 1612 
12, 1614 
12, 1616 
12, 1617 
12, 1619 
12, 1621 
12, 1623 
12, 1624 
12, 1626 
12, 1628 
12, 1630 
12, 1631 
12, 1633 
12, 1635 
12, 1636 
12, 1638 
12, 1639 
12, 1641 
12, 1645 
12, 1648 
12, 1650 
12, 1652 
12, 1653 
12, 1655 
12, 1657 
12, 1660 
12, 1665 
12, 1666 
12, 1668 
12, 1670 
12, 1672 
12, 1673 
12, 1675 
12, 1676 
12, 1678 
12, 1679 
12, 1681 
12, 1682 
12, 1684 
12, 1686 
12, 1688 
12, 1689 
12, 1691 
12, 1693 
12, 1694 
12, 1696 
12, 1697 
12, 1699 
12, 1701 
12, 1703 
12, 1704 
12, 1706 
12, 1708 
12, 1710 
-38, 1711 
14, 1729 
14, 1731 
14, 1733 
14, 1735 
14, 1736 
14, 1738 
14, 1739 
14, 1741 
14, 1742 
14, 1744 
14, 1746 
14, 1748 
14, 1749 
14, 1751 
14, 1752 
14, 1754 
14, 1756 
14, 1757 
14, 1759 
14, 1760 
14, 1762 
14, 1763 
14, 1765 
14, 1766 
14, 1768 
14, 1769 
14, 1771 
14, 1772 
14, 1774 
14, 1776 
14, 1777 
14, 1779 
14, 1780 
14, 1782 
14, 1784 
12, 1785 
14, 1787 
14, 1788 
14, 1790 
14, 1791 
14, 1793 
12, 1795 
12, 1797 
12, 1798 
12, 1800 
12, 1802 
12, 1803 
12, 1805 
12, 1807 
12, 1809 
12, 1811 
12, 1812 
12, 1814 
12, 1815 
12, 1817 
12, 1819 
12, 1820 
12, 1821 
12, 1825 
12, 1826 
12, 1828 
12, 1829 
12, 1831 
12, 1832 
12, 1834 
12, 1835 
12, 1837 
12, 1839 
12, 1840 
12, 1842 
12, 1844 
12, 1845 
12, 1846 
12, 1848 
12, 1850 
12, 1851 
12, 1853 
12, 1855 
12, 1856 
12, 1857 
12, 1859 
12, 1861 
10, 1862 
12, 1864 
12, 1865 
12, 1867 
12, 1869 
12, 1870 
12, 1872 
12, 1873 
12, 1875 
12, 1877 
12, 1879 
12, 1882 
12, 1884 
12, 1886 
12, 1887 
10, 1889 
12, 1891 
12, 1892 
-38, 1894 
14, 1911 
14, 1913 
14, 1915 
14, 1916 
14, 1918 
14, 1924 
14, 1926 
14, 1928 
14, 1929 
14, 1932 
14, 1933 
14, 1935 
14, 1937 
14, 1939 
14, 1941 
14, 1947 
14, 1949 
14, 1950 
14, 1952 
14, 1953 
14, 1955 
14, 1957 
14, 1958 
14, 1960 
14, 1961 
14, 1963 
14, 1965 
14, 1968 
14, 1970 
14, 1972 
14, 1973 
14, 1974 
14, 1976 
14, 1977 
14, 1979 
14, 1981 
14, 1983 
14, 1984 
14, 1986 
14, 1987 
14, 1989 
12, 1991 
12, 1992 
12, 1994 
12, 1996 
12, 1997 
12, 1998 
12, 2000 
12, 2001 
12, 2003 
12, 2004 
12, 2005 
12, 2006 
12, 2008 
12, 2010 
12, 2012 
12, 2013 
12, 2015 
12, 2016 
12, 2018 
12, 2020 
12, 2021 
12, 2025 
12, 2026 
12, 2028 
12, 2030 
12, 2031 
12, 2033 
12, 2035 
12, 2036 
12, 2037 
12, 2039 
12, 2041 
12, 2042 
12, 2045 
12, 2046 
12, 2048 
12, 2051 
12, 2053 
12, 2055 
12, 2056 
12, 2058 
12, 2060 
12, 2061 
12, 2063 
12, 2064 
12, 2066 
12, 2067 
12, 2069 
12, 2071 
12, 2073 
12, 2075 
12, 2076 
12, 2078 
12, 2079 
12, 2081 
12, 2083 
12, 2084 
12, 2086 
-38, 2087 
14, 2105 
14, 2107 
14, 2108 
14, 2110 
14, 2112 
14, 2114 
14, 2115 
14, 2117 
14, 2118 
14, 2120 
14, 2121 
14, 2123 
14, 2124 
14, 2126 
14, 2127 
14, 2129 
14, 2130 
14, 2132 
14, 2133 
14, 2135 
14, 2137 
14, 2139 
14, 2141 
14, 2142 
14, 2144 
14, 2147 
14, 2148 
14, 2150 
14, 2151 
14, 2153 
14, 2154 
14, 2155 
14, 2157 
14, 2159 
14, 2160 
14, 2162 
14, 2163 
14, 2165 
14, 2167 
14, 2168 
14, 2169 
12, 2171 
12, 2173 
12, 2175 
12, 2176 
12, 2177 
12, 2179 
12, 2181 
12, 2182 
12, 2184 
12, 2186 
12, 2187 
12, 2189 
12, 2191 
12, 2192 
12, 2194 
12, 2196 
12, 2197 
12, 2199 
12, 2201 
12, 2202 
12, 2204 
12, 2206 
12, 2207 
12, 2209 
12, 2211 
12, 2212 
12, 2214 
12, 2216 
12, 2217 
12, 2219 
12, 2223 
12, 2224 
12, 2226 
12, 2228 
12, 2229 
12, 2231 
12, 2233 
12, 2235 
12, 2236 
12, 2238 
12, 2239 
12, 2240 
12, 2242 
12, 2243 
12, 2245 
12, 2247 
12, 2249 
12, 2250 
12, 2252 
12, 2253 
12, 2255 
12, 2257 
12, 2259 
12, 2260 
12, 2262 
12, 2264 
12, 2265 
12, 2267 
-38, 2269 
14, 2287 
14, 2289 
14, 2290 
14, 2291 
14, 2293 
14, 2295 
14, 2296 
14, 2298 
14, 2299 
14, 2301 
14, 2302 
14, 2306 
14, 2307 
14, 2309 
14, 2310 
14, 2312 
14, 2314 
14, 2316 
14, 2317 
14, 2319 
10, 2320 
14, 2322 
14, 2323 
14, 2325 
14, 2326 
14, 2328 
14, 2329 
14, 2331 
14, 2332 
14, 2334 
14, 2335 
14, 2337 
14, 2339 
14, 2340 
14, 2342 
14, 2343 
14, 2347 
14, 2350 
14, 2352 
14, 2354 
14, 2355 
14, 2357 
14, 2358 
12, 2360 
12, 2362 
12, 2363 
12, 2365 
12, 2367 
12, 2369 
12, 2370 
12, 2372 
12, 2374 
12, 2375 
12, 2376 
12, 2378 
12, 2379 
12, 2381 
12, 2383 
12, 2385 
12, 2387 
12, 2389 
12, 2391 
12, 2393 
12, 2396 
12, 2398 
12, 2399 
12, 2401 
12, 2402 
12, 2404 
12, 2406 
12, 2407 
12, 2409 
12, 2411 
12, 2412 
12, 2414 
12, 2415 
12, 2417 
12, 2419 
12, 2420 
12, 2422 
12, 2424 
12, 2425 
12, 2426 
12, 2428 
12, 2430 
12, 2432 
12, 2434 
12, 2435 
12, 2438 
12, 2440 
12, 2442 
12, 2443 
12, 2445 
12, 2447 
12, 2448 
12, 2450 
12, 2451 
12, 2453 
12, 2455 
12, 2457 
12, 2459 
-38, 2461 
14, 2477 
14, 2480 
14, 2481 
14, 2483 
14, 2485 
14, 2487 
14, 2488 
14, 2490 
14, 2492 
14, 2493 
14, 2495 
14, 2496 
14, 2498 
14, 2500 
14, 2501 
14, 2503 
14, 2504 
14, 2506 
14, 2508 
14, 2509 
14, 2511 
14, 2513 
14, 2514 
14, 2515 
14, 2517 
14, 2519 
14, 2520 
14, 2522 
14, 2523 
14, 2525 
14, 2527 
14, 2528 
14, 2530 
14, 2531 
14, 2533 
14, 2535 
14, 2536 
14, 2538 
14, 2539 
14, 2541 
14, 2542 
12, 2544 
12, 2545 
12, 2549 
12, 2550 
12, 2552 
12, 2553 
12, 2555 
12, 2557 
12, 2559 
12, 2561 
12, 2562 
12, 2564 
12, 2565 
12, 2567 
12, 2569 
12, 2570 
12, 2572 
12, 2574 
12, 2575 
12, 2577 
12, 2578 
12, 2580 
12, 2582 
12, 2584 
12, 2586 
12, 2587 
12, 2589 
12, 2591 
12, 2592 
12, 2594 
12, 2595 
12, 2597 
12, 2598 
12, 2600 
12, 2602 
12, 2603 
12, 2604 
12, 2606 
12, 2607 
12, 2611 
12, 2612 
12, 2614 
12, 2616 
12, 2617 
12, 2619 
12, 2622 
12, 2624 
12, 2626 
12, 2627 
12, 2629 
12, 2631 
12, 2633 
12, 2635 
12, 2636 
12, 2638 
12, 2640 
12, 2642 
12, 2643 
-38, 2645 
14, 2663 
14, 2664 
14, 2666 
14, 2668 
14, 2669 
14, 2674 
14, 2676 
14, 2678 
14, 2680 
14, 2682 
14, 2683 
14, 2685 
14, 2687 
14, 2690 
14, 2692 
14, 2696 
14, 2698 
14, 2700 
14, 2701 
14, 2703 
14, 2704 
14, 2708 
14, 2709 
14, 2710 
14, 2712 
14, 2714 
14, 2716 
14, 2717 
14, 2719 
14, 2721 
14, 2722 
14, 2724 
14, 2725 
14, 2727 
14, 2728 
14, 2730 
14, 2731 
14, 2733 
14, 2734 
14, 2736 
14, 2738 
12, 2739 
12, 2741 
12, 2742 
12, 2744 
12, 2746 
12, 2747 
12, 2749 
12, 2751 
12, 2752 
12, 2754 
12, 2755 
12, 2757 
12, 2759 
12, 2760 
12, 2762 
12, 2764 
12, 2765 
12, 2767 
12, 2769 
12, 2770 
12, 2772 
12, 2775 
12, 2777 
12, 2779 
10, 2781 
12, 2783 
12, 2784 
12, 2786 
12, 2787 
12, 2789 
12, 2790 
12, 2792 
12, 2793 
12, 2795 
12, 2797 
12, 2799 
12, 2800 
12, 2802 
12, 2804 
12, 2805 
12, 2807 
12, 2809 
12, 2810 
12, 2812 
12, 2814 
12, 2816 
12, 2817 
12, 2818 
12, 2820 
12, 2821 
12, 2823 
12, 2825 
12, 2827 
12, 2828 
12, 2830 
12, 2831 
12, 2833 
12, 2835 
12, 2836 
-38, 2837 
14, 2856 
14, 2857 
14, 2859 
14, 2860 
14, 2862 
14, 2863 
14, 2865 
14, 2866 
14, 2867 
14, 2869 
14, 2871 
14, 2873 
14, 2874 
14, 2876 
14, 2877 
14, 2879 
14, 2881 
14, 2882 
14, 2884 
14, 2886 
14, 2889 
14, 2891 
14, 2892 
14, 2894 
14, 2895 
14, 2897 
14, 2901 
14, 2902 
14, 2904 
14, 2906 
14, 2907 
14, 2909 
14, 2910 
14, 2912 
14, 2914 
14, 2915 
14, 2916 
14, 2918 
14, 2919 
14, 2921 
14, 2922 
12, 2924 
12, 2925 
12, 2927 
12, 2929 
12, 2930 
12, 2931 
12, 2933 
12, 2934 
12, 2936 
12, 2938 
12, 2940 
12, 2941 
12, 2943 
12, 2945 
12, 2947 
12, 2948 
12, 2950 
12, 2951 
12, 2953 
12, 2955 
12, 2957 
12, 2958 
12, 2960 
12, 2961 
12, 2963 
12, 2965 
12, 2967 
12, 2969 
12, 2971 
12, 2974 
12, 2979 
12, 2981 
12, 2983 
12, 2984 
12, 2986 
12, 2988 
12, 2990 
12, 2991 
12, 2993 
12, 2995 
12, 2996 
12, 2998 
12, 3000 
12, 3001 
12, 3003 
12, 3004 
12, 3005 
12, 3007 
12, 3009 
12, 3010 
12, 3012 
12, 3013 
12, 3015 
12, 3017 
12, 3019 
12, 3021 
12, 3023 
12, 3025 
-38, 3026 
14, 3053 
14, 3054 
14, 3056 
14, 3058 
14, 3059 
14, 3061 
14, 3063 
14, 3064 
14, 3066 
14, 3068 
14, 3069 
14, 3070 
14, 3072 
14, 3074 
14, 3075 
14, 3079 
14, 3081 
14, 3082 
14, 3084 
14, 3086 
14, 3088 
14, 3090 
14, 3091 
14, 3093 
14, 3094 
14, 3096 
14, 3098 
14, 3100 
14, 3102 
14, 3103 
14, 3105 
14, 3107 
14, 3109 
14, 3110 
14, 3112 
14, 3113 
14, 3115 
14, 3116 
14, 3118 
14, 3119 
14, 3121 
12, 3122 
12, 3124 
12, 3126 
12, 3127 
12, 3129 
12, 3130 
12, 3132 
12, 3134 
12, 3136 
12, 3138 
12, 3140 
12, 3142 
12, 3143 
12, 3145 
12, 3146 
12, 3148 
12, 3149 
12, 3151 
12, 3153 
12, 3155 
12, 3156 
12, 3158 
12, 3160 
12, 3162 
12, 3163 
12, 3165 
12, 3166 
12, 3168 
12, 3170 
12, 3171 
12, 3173 
12, 3175 
12, 3176 
12, 3178 
12, 3180 
12, 3181 
12, 3185 
12, 3186 
12, 3187 
12, 3189 
12, 3191 
12, 3192 
12, 3194 
12, 3196 
12, 3197 
12, 3199 
12, 3201 
12, 3203 
12, 3204 
12, 3206 
12, 3208 
12, 3209 
12, 3211 
12, 3213 
12, 3214 
12, 3217 
12, 3219 
12, 3220 
-38, 3222 
14, 3240 
14, 3243 
14, 3244 
14, 3246 
14, 3248 
14, 3249 
14, 3251 
14, 3252 
14, 3254 
14, 3256 
14, 3257 
14, 3258 
14, 3260 
14, 3261 
14, 3263 
14, 3265 
14, 3266 
14, 3268 
14, 3271 
14, 3272 
14, 3274 
14, 3277 
14, 3278 
14, 3280 
14, 3282 
14, 3284 
14, 3286 
14, 3288 
14, 3289 
14, 3291 
14, 3293 
14, 3295 
14, 3297 
14, 3298 
14, 3300 
14, 3302 
14, 3303 
14, 3305 
14, 3307 
14, 3310 
14, 3313 
12, 3315 
12, 3317 
12, 3319 
12, 3321 
12, 3323 
12, 3324 
12, 3326 
12, 3328 
12, 3330 
12, 3331 
12, 3333 
12, 3335 
12, 3336 
12, 3338 
12, 3340 
12, 3341 
12, 3343 
12, 3345 
12, 3347 
12, 3350 
12, 3351 
12, 3353 
12, 3354 
12, 3356 
12, 3358 
12, 3359 
12, 3361 
12, 3363 
12, 3367 
12, 3368 
12, 3370 
12, 3372 
12, 3374 
12, 3376 
12, 3378 
12, 3379 
12, 3381 
12, 3383 
12, 3385 
12, 3386 
12, 3388 
12, 3389 
12, 3391 
12, 3393 
12, 3397 
12, 3398 
12, 3400 
12, 3401 
12, 3403 
12, 3406 
12, 3408 
12, 3409 
12, 3411 
12, 3412 
12, 3414 
10, 3415 
12, 3417 
12, 3419 
-38, 3421 
